TITLE = " Ionization Mass Fractions"
Variables = " Ar+", "N+", "O+", "e-", "T"
Zone T= "Temperature", I=1000, F=POINT
6.74643e-43 0 4.68682e-225 0 598.148
2.467e-41 0 1.06806e-200 0 656.751
4.69547e-40 0 1.76437e-177 0 714.353
5.54696e-39 0 6.05394e-156 0 770.998
3.35147e-37 0 1.45001e-130 0 826.746
1.11988e-34 0 1.12644e-108 0 881.664
4.01504e-33 0 1.73506e-89 0 935.82
3.23926e-31 0 2.29962e-75 0 989.277
8.2264e-30 0 6.73999e-63 0 1042.09
1.83411e-28 0 8.17735e-53 0 1094.31
3.66344e-27 0 1.07696e-44 0 1145.98
2.45093e-26 0 1.87654e-36 0 1197.13
4.11172e-25 0 3.36835e-31 0 1247.8
2.3522e-24 0 5.42592e-25 0 1298
1.81798e-26 0 2.81913e-22 0 1347.76
4.0553e-30 2.18075e-305 9.34849e-22 0 1397.09
8.5108e-33 7.33572e-286 8.188e-21 0 1446.01
2.0489e-35 6.64201e-268 2.91483e-20 0 1494.53
2.47646e-37 8.10156e-251 1.64409e-19 0 1542.64
6.59864e-39 1.06345e-234 9.42e-19 0 1590.35
1.48418e-40 5.80325e-220 1.74454e-18 0 1637.67
2.64683e-44 1.50935e-214 6.05016e-18 0 1684.57
1.83955e-45 3.33284e-201 9.11554e-18 0 1731.06
1.35732e-45 6.87898e-188 4.374e-17 0 1777.12
9.44789e-49 1.0706e-183 3.82966e-17 0 1822.72
3.78667e-48 3.81039e-171 8.85206e-17 0 1867.83
2.70049e-50 5.39051e-167 7.85821e-17 0 1912.41
8.44316e-49 5.92899e-155 1.96436e-16 0 1956.43
3.25744e-50 7.09831e-151 2.1164e-16 0 1999.83
6.08721e-48 3.25781e-139 7.20775e-16 0 2042.56
1.0257e-48 2.92377e-135 9.0658e-16 2.74355e-320 2084.56
5.73035e-46 3.12089e-124 2.95895e-15 1.00316e-292 2125.77
1.67754e-46 9.7174e-121 3.54007e-15 1.09766e-279 2166.14
6.58865e-47 2.33209e-117 4.20496e-15 1.85699e-267 2205.6
7.16174e-44 2.17589e-107 1.3514e-14 5.37136e-245 2244.11
3.52241e-44 1.72655e-104 1.58886e-14 2.14641e-234 2281.64
1.8744e-44 9.45232e-102 1.85638e-14 2.66713e-224 2318.13
2.89182e-41 9.75693e-93 5.85692e-14 1.43313e-205 2353.58
1.83563e-41 2.17491e-90 6.75226e-14 4.10972e-197 2387.97
1.38505e-41 4.04755e-88 7.73253e-14 3.4529e-189 2421.3
1.09099e-41 5.66132e-86 8.7976e-14 1.03187e-181 2453.58
2.61897e-38 6.86355e-78 2.7038e-13 2.67414e-167 2484.83
2.25351e-38 4.75716e-76 3.03869e-13 4.92265e-161 2515.07
1.99478e-38 2.64256e-74 3.39571e-13 4.126e-155 2544.32
1.81045e-38 1.19529e-72 3.77439e-13 1.66503e-149 2572.63
1.67987e-38 4.46916e-71 4.17424e-13 3.41062e-144 2600.03
1.58945e-38 1.13736e-69 4.5947e-13 3.72615e-139 2626.56
5.04752e-35 1.02457e-62 1.36874e-12 3.9944e-129 2652.25
5.44469e-35 1.494e-61 1.49384e-12 6.68677e-125 2677.17
5.92639e-35 1.78413e-60 1.62415e-12 7.04178e-121 2701.33
6.50214e-35 1.90391e-59 1.75957e-12 4.82667e-117 2724.78
7.18233e-35 1.51233e-58 1.89992e-12 2.22273e-113 2747.57
7.98205e-35 1.10793e-57 2.04516e-12 7.07774e-110 2769.72
8.9186e-35 7.53061e-57 2.19521e-12 1.60037e-106 2791.28
3.3593e-31 8.05798e-51 6.38782e-12 8.23213e-100 2812.28
3.80447e-31 3.67069e-50 6.82089e-12 6.20657e-97 2832.74
4.32229e-31 1.59128e-49 7.26641e-12 3.62275e-94 2852.71
4.92441e-31 6.58758e-49 7.72425e-12 1.66605e-91 2872.21
5.62447e-31 2.61269e-48 8.19434e-12 6.13538e-89 2891.26
6.43852e-31 9.95642e-48 8.6766e-12 1.83615e-86 2909.9
7.38522e-31 3.60225e-47 9.17098e-12 4.52736e-84 2928.15
8.56411e-31 1.14842e-46 9.6772e-12 9.22833e-82 2946.03
1.03997e-30 3.72084e-46 1.01955e-11 1.5186e-79 2963.56
1.26297e-30 1.17238e-45 1.07259e-11 2.1347e-77 2980.76
1.53389e-30 3.5988e-45 1.12684e-11 2.58849e-75 2997.65
1.86301e-30 1.07805e-44 1.18232e-11 2.73205e-73 3014.26
2.26287e-30 3.15631e-44 1.23903e-11 2.53101e-71 3030.59
2.74871e-30 9.04496e-44 1.29699e-11 2.07394e-69 3046.66
3.3391e-30 2.54041e-43 1.35622e-11 1.51399e-67 3062.49
4.0567e-30 7.00187e-43 1.41672e-11 9.91202e-66 3078.1
4.92913e-30 1.89605e-42 1.47852e-11 5.85609e-64 3093.49
2.0568e-26 2.29436e-37 4.19062e-11 1.69407e-61 3108.67
2.49595e-26 5.63495e-37 4.36586e-11 6.22083e-60 3123.67
3.02878e-26 1.36545e-36 4.54483e-11 2.10851e-58 3138.5
3.67544e-26 3.26731e-36 4.7276e-11 6.62527e-57 3153.15
4.46051e-26 7.72634e-36 4.91426e-11 1.93778e-55 3167.66
5.41349e-26 1.69405e-35 5.10483e-11 5.29622e-54 3182.01
6.57115e-26 3.6591e-35 5.29945e-11 1.35745e-52 3196.23
7.97818e-26 7.83475e-35 5.49823e-11 3.27384e-51 3210.32
9.68925e-26 1.66389e-34 5.70128e-11 7.45327e-50 3224.3
1.17713e-25 3.5068e-34 5.90871e-11 1.60656e-48 3238.17
1.43065e-25 7.33858e-34 6.12066e-11 3.28806e-47 3251.93
1.73958e-25 1.52561e-33 6.33724e-11 6.40673e-46 3265.61
2.11633e-25 3.15221e-33 6.55861e-11 1.19154e-44 3279.2
2.57619e-25 6.47635e-33 6.7849e-11 2.12028e-43 3292.71
3.23236e-25 1.36346e-32 7.01628e-11 3.51263e-42 3306.15
4.08006e-25 2.87192e-32 7.25291e-11 5.56331e-41 3319.53
5.15239e-25 6.02092e-32 7.49498e-11 8.48897e-40 3332.85
6.51006e-25 1.25688e-31 7.74265e-11 1.25037e-38 3346.13
8.23069e-25 2.61369e-31 7.99615e-11 1.7812e-37 3359.36
1.04136e-24 5.41644e-31 8.25567e-11 2.45842e-36 3372.55
1.31863e-24 1.11904e-30 8.52145e-11 3.29313e-35 3385.72
1.67124e-24 2.30578e-30 8.79371e-11 4.2885e-34 3398.86
2.12027e-24 4.74017e-30 9.0727e-11 5.43784e-33 3411.99
2.69291e-24 9.7261e-30 9.35871e-11 6.72438e-32 3425.1
3.42433e-24 1.99255e-29 9.65199e-11 8.1211e-31 3438.21
4.36009e-24 4.07722e-29 9.95287e-11 9.5929e-30 3451.33
5.55936e-24 8.336e-29 1.02617e-10 1.10981e-28 3464.45
2.3412e-27 1.73253e-32 3.89168e-11 1.21324e-25 3477.59
3.01747e-27 3.62315e-32 4.01144e-11 1.64291e-24 3490.75
3.89644e-27 7.31848e-32 4.13446e-11 2.18479e-23 3503.93
5.0418e-27 1.47882e-31 4.26092e-11 2.85698e-22 3517.15
6.53801e-27 2.9903e-31 4.39097e-11 3.67846e-21 3530.42
8.4977e-27 6.05297e-31 4.52478e-11 4.66931e-20 3543.72
1.10715e-26 1.22695e-30 4.66253e-11 5.85087e-19 3557.08
1.44616e-26 2.49132e-30 4.80441e-11 7.24596e-18 3570.5
1.89402e-26 5.06911e-30 4.95062e-11 8.88003e-17 3583.99
2.48754e-26 1.03391e-29 5.10137e-11 1.07819e-15 3597.55
3.2767e-26 2.11462e-29 5.25691e-11 1.29854e-14 3611.2
4.3296e-26 4.33849e-29 5.41751e-11 1.55309e-13 3624.93
5.73982e-26 8.93279e-29 5.58386e-11 1.84669e-12 3638.76
7.64131e-26 1.84775e-28 5.76043e-11 2.18382e-11 3652.69
3.45697e-31 1.34491e-34 3.94775e-09 3.94775e-09 3666.73
1.90839e-31 1.37278e-34 4.32327e-09 4.32327e-09 3680.89
2.10379e-31 2.80178e-34 4.73446e-09 4.73446e-09 3695.18
1.92825e-26 1.14244e-28 5.18492e-09 5.18492e-09 3709.61
4.21182e-28 1.93232e-30 5.67866e-09 5.67866e-09 3724.18
9.43817e-26 1.6258e-27 6.22014e-09 6.22014e-09 3738.9
1.07541e-26 2.18146e-28 6.81433e-09 6.81433e-09 3753.79
1.84355e-23 8.02066e-25 7.46678e-09 7.46678e-09 3768.84
3.88975e-23 2.6739e-24 8.18368e-09 8.18368e-09 3784.08
2.24141e-23 2.43873e-24 8.97195e-09 8.97195e-09 3799.51
5.96262e-21 1.17265e-21 9.83933e-09 9.83933e-09 3815.15
6.5041e-20 1.94409e-20 1.07945e-08 1.07945e-08 3830.99
7.29024e-19 3.45875e-19 1.18472e-08 1.18472e-08 3847.06
1.37639e-19 9.56324e-20 1.30082e-08 1.30082e-08 3863.36
1.49177e-17 1.52218e-17 1.42899e-08 1.42899e-08 3879.9
3.54283e-16 5.01031e-16 1.57058e-08 1.57058e-08 3896.7
5.9925e-17 1.42511e-16 1.72716e-08 1.72716e-08 3913.76
1.43245e-15 4.23862e-15 1.90044e-08 1.90044e-08 3931.1
3.02932e-14 9.41934e-14 2.09239e-08 2.09235e-08 3948.72
4.97817e-14 1.96549e-13 2.30517e-08 2.30512e-08 3966.64
9.05949e-14 4.54977e-13 2.54125e-08 2.54119e-08 3984.87
1.93206e-13 1.23644e-12 2.80339e-08 2.80332e-08 4003.41
3.46455e-13 2.83049e-12 3.09464e-08 3.09465e-08 4022.28
6.13951e-13 6.41528e-12 3.41843e-08 3.41872e-08 4041.48
1.14389e-12 1.53159e-11 3.77847e-08 3.77958e-08 4061.03
2.00738e-12 3.39438e-11 4.17885e-08 4.18188e-08 4080.91
3.57078e-12 6.77473e-11 4.6241e-08 4.63078e-08 4101.15
1.33075e-11 1.44292e-10 5.11812e-08 5.13327e-08 4121.75
2.111e-11 1.90897e-10 5.67082e-08 5.69143e-08 4142.69
3.37658e-11 2.28025e-10 6.28759e-08 6.31324e-08 4164
5.43277e-11 2.72715e-10 6.97479e-08 7.00708e-08 4185.65
8.79556e-11 3.26532e-10 7.74019e-08 7.7814e-08 4207.65
1.29821e-10 3.91377e-10 8.59285e-08 8.64492e-08 4229.98
1.75928e-10 4.69535e-10 9.54262e-08 9.60717e-08 4252.64
2.00498e-10 5.63792e-10 1.06011e-07 1.06776e-07 4275.61
2.286e-10 6.77334e-10 1.17783e-07 1.18689e-07 4298.87
2.60715e-10 8.1401e-10 1.3086e-07 1.31935e-07 4322.41
2.9738e-10 9.7837e-10 1.45371e-07 1.46647e-07 4346.2
3.39186e-10 1.17577e-09 1.61451e-07 1.62965e-07 4370.22
3.86785e-10 1.41246e-09 1.79239e-07 1.81038e-07 4394.44
4.40887e-10 1.69575e-09 1.98883e-07 2.0102e-07 4418.82
5.02263e-10 2.03406e-09 2.20536e-07 2.23073e-07 4443.34
5.71745e-10 2.43713e-09 2.44353e-07 2.47362e-07 4467.97
6.50224e-10 2.91604e-09 2.70492e-07 2.74059e-07 4492.66
7.38647e-10 3.48343e-09 2.99114e-07 3.03336e-07 4517.4
8.38017e-10 4.15356e-09 3.30377e-07 3.35368e-07 4542.14
9.49384e-10 4.94241e-09 3.6444e-07 3.70332e-07 4566.84
1.07385e-09 5.86783e-09 4.01459e-07 4.084e-07 4591.49
1.21255e-09 6.94959e-09 4.41585e-07 4.49747e-07 4616.05
1.36665e-09 8.20945e-09 4.84964e-07 4.9454e-07 4640.48
1.53737e-09 9.67126e-09 5.31738e-07 5.42946e-07 4664.76
1.72592e-09 1.13609e-08 5.82039e-07 5.95126e-07 4688.88
1.93354e-09 1.33065e-08 6.35993e-07 6.51233e-07 4712.79
2.16148e-09 1.55383e-08 6.93717e-07 7.11416e-07 4736.5
2.411e-09 1.80885e-08 7.55319e-07 7.75818e-07 4759.96
2.68335e-09 2.09916e-08 8.20898e-07 8.44573e-07 4783.18
2.97977e-09 2.42841e-08 8.90545e-07 9.17809e-07 4806.14
3.30149e-09 2.80046e-08 9.6434e-07 9.95647e-07 4828.82
3.64973e-09 3.21936e-08 1.04236e-06 1.0782e-06 4851.21
4.02569e-09 3.68935e-08 1.12465e-06 1.16557e-06 4873.32
4.43054e-09 4.21486e-08 1.21128e-06 1.25786e-06 4895.13
4.86541e-09 4.80047e-08 1.3023e-06 1.35517e-06 4916.64
5.33143e-09 5.45097e-08 1.39773e-06 1.45757e-06 4937.85
5.82968e-09 6.17126e-08 1.49761e-06 1.56515e-06 4958.75
6.3612e-09 6.96641e-08 1.60196e-06 1.67799e-06 4979.35
6.92703e-09 7.84164e-08 1.7108e-06 1.79614e-06 4999.64
7.52813e-09 8.80226e-08 1.82413e-06 1.91968e-06 5019.63
8.16545e-09 9.85373e-08 1.94196e-06 2.04866e-06 5039.32
8.83991e-09 1.10016e-07 2.06429e-06 2.18315e-06 5058.72
9.55237e-09 1.22516e-07 2.19111e-06 2.32318e-06 5077.82
1.03037e-08 1.36093e-07 2.32241e-06 2.4688e-06 5096.64
1.10946e-08 1.50808e-07 2.45817e-06 2.62007e-06 5115.17
1.1926e-08 1.66717e-07 2.59837e-06 2.77702e-06 5133.42
1.27986e-08 1.83883e-07 2.743e-06 2.93968e-06 5151.4
1.3713e-08 2.02363e-07 2.89202e-06 3.10809e-06 5169.11
1.46699e-08 2.22221e-07 3.0454e-06 3.2823e-06 5186.55
1.567e-08 2.43516e-07 3.20313e-06 3.46231e-06 5203.74
1.67139e-08 2.66311e-07 3.36515e-06 3.64817e-06 5220.67
1.78021e-08 2.90667e-07 3.53144e-06 3.83991e-06 5237.36
1.89352e-08 3.16647e-07 3.70195e-06 4.03754e-06 5253.81
2.01137e-08 3.44313e-07 3.87666e-06 4.24109e-06 5270.02
2.13381e-08 3.73728e-07 4.05552e-06 4.45059e-06 5286
2.2609e-08 4.04954e-07 4.23849e-06 4.66605e-06 5301.76
2.39266e-08 4.38055e-07 4.42552e-06 4.8875e-06 5317.3
2.52915e-08 4.73093e-07 4.61658e-06 5.11496e-06 5332.62
2.67041e-08 5.10131e-07 4.81162e-06 5.34845e-06 5347.74
2.81647e-08 5.49232e-07 5.01059e-06 5.58799e-06 5362.65
2.96736e-08 5.90458e-07 5.21346e-06 5.83359e-06 5377.37
3.12313e-08 6.33872e-07 5.42018e-06 6.08528e-06 5391.89
3.28379e-08 6.79537e-07 5.6307e-06 6.34307e-06 5406.22
3.4494e-08 7.27515e-07 5.84497e-06 6.60698e-06 5420.37
3.61996e-08 7.77868e-07 6.06296e-06 6.87703e-06 5434.34
3.79551e-08 8.30657e-07 6.28462e-06 7.15323e-06 5448.14
3.97607e-08 8.85945e-07 6.5099e-06 7.4356e-06 5461.76
4.16167e-08 9.43792e-07 6.73876e-06 7.72416e-06 5475.22
4.35233e-08 1.00426e-06 6.97115e-06 8.01893e-06 5488.52
4.54806e-08 1.06741e-06 7.20702e-06 8.31992e-06 5501.66
4.74889e-08 1.1333e-06 7.44635e-06 8.62714e-06 5514.64
4.95484e-08 1.202e-06 7.68908e-06 8.94062e-06 5527.48
5.16592e-08 1.27356e-06 7.93516e-06 9.26038e-06 5540.17
5.38215e-08 1.34804e-06 8.18456e-06 9.58642e-06 5552.71
5.60355e-08 1.4255e-06 8.43723e-06 9.91877e-06 5565.12
5.83012e-08 1.506e-06 8.69314e-06 1.02574e-05 5577.38
6.06188e-08 1.58961e-06 8.95223e-06 1.06025e-05 5589.52
6.29884e-08 1.67637e-06 9.21447e-06 1.09538e-05 5601.53
6.54102e-08 1.76634e-06 9.47982e-06 1.13116e-05 5613.4
6.78842e-08 1.85959e-06 9.74824e-06 1.16757e-05 5625.16
7.04106e-08 1.95617e-06 1.00197e-05 1.20463e-05 5636.79
7.29893e-08 2.05613e-06 1.02941e-05 1.24232e-05 5648.31
7.56206e-08 2.15954e-06 1.05715e-05 1.28067e-05 5659.71
7.83045e-08 2.26645e-06 1.08518e-05 1.31966e-05 5671
8.1041e-08 2.37692e-06 1.1135e-05 1.3593e-05 5682.17
8.38302e-08 2.49099e-06 1.1421e-05 1.39958e-05 5693.24
8.66723e-08 2.60873e-06 1.17098e-05 1.44052e-05 5704.21
8.95671e-08 2.7302e-06 1.20014e-05 1.48212e-05 5715.07
9.25149e-08 2.85543e-06 1.22958e-05 1.52437e-05 5725.83
9.55156e-08 2.9845e-06 1.25928e-05 1.56728e-05 5736.49
9.85692e-08 3.11745e-06 1.28925e-05 1.61085e-05 5747.05
1.01676e-07 3.25434e-06 1.31948e-05 1.65508e-05 5757.52
1.04836e-07 3.39521e-06 1.34997e-05 1.69998e-05 5767.9
1.08048e-07 3.54013e-06 1.38072e-05 1.74554e-05 5778.19
1.11314e-07 3.68914e-06 1.41172e-05 1.79177e-05 5788.39
1.14633e-07 3.84229e-06 1.44298e-05 1.83867e-05 5798.5
1.18006e-07 3.99965e-06 1.47448e-05 1.88625e-05 5808.53
1.21431e-07 4.16125e-06 1.50623e-05 1.93449e-05 5818.47
1.2491e-07 4.32715e-06 1.53821e-05 1.98342e-05 5828.34
1.28441e-07 4.4974e-06 1.57044e-05 2.03302e-05 5838.12
1.32026e-07 4.67206e-06 1.6029e-05 2.08331e-05 5847.83
1.35665e-07 4.85116e-06 1.6356e-05 2.13428e-05 5857.46
1.39356e-07 5.03476e-06 1.66853e-05 2.18594e-05 5867.01
1.43101e-07 5.22291e-06 1.70168e-05 2.23828e-05 5876.49
1.46899e-07 5.41567e-06 1.73506e-05 2.29132e-05 5885.9
1.50751e-07 5.61306e-06 1.76866e-05 2.34504e-05 5895.24
1.54655e-07 5.81516e-06 1.80248e-05 2.39947e-05 5904.51
1.58613e-07 6.022e-06 1.83653e-05 2.45459e-05 5913.71
1.62625e-07 6.23363e-06 1.87078e-05 2.51041e-05 5922.84
1.66689e-07 6.4501e-06 1.90525e-05 2.56693e-05 5931.91
1.70807e-07 6.67146e-06 1.93993e-05 2.62416e-05 5940.92
1.74979e-07 6.89776e-06 1.97482e-05 2.68209e-05 5949.86
1.79203e-07 7.12903e-06 2.00991e-05 2.74074e-05 5958.74
1.83481e-07 7.36534e-06 2.04521e-05 2.80009e-05 5967.56
1.87813e-07 7.60672e-06 2.08071e-05 2.86017e-05 5976.32
1.92197e-07 7.85322e-06 2.11641e-05 2.92096e-05 5985.02
1.96635e-07 8.10489e-06 2.15231e-05 2.98247e-05 5993.66
2.01127e-07 8.36177e-06 2.18841e-05 3.0447e-05 6002.25
2.05672e-07 8.62391e-06 2.2247e-05 3.10766e-05 6010.78
2.1027e-07 8.89136e-06 2.26118e-05 3.17134e-05 6019.26
2.14922e-07 9.16416e-06 2.29785e-05 3.23576e-05 6027.69
2.19627e-07 9.44235e-06 2.33471e-05 3.30091e-05 6036.06
2.24386e-07 9.72597e-06 2.37176e-05 3.36679e-05 6044.38
2.29198e-07 1.00151e-05 2.40899e-05 3.43342e-05 6052.65
2.34063e-07 1.03097e-05 2.44641e-05 3.50079e-05 6060.87
2.38982e-07 1.06099e-05 2.484e-05 3.5689e-05 6069.04
2.43954e-07 1.09158e-05 2.52178e-05 3.63775e-05 6077.17
2.4898e-07 1.12273e-05 2.55973e-05 3.70736e-05 6085.24
2.5406e-07 1.15445e-05 2.59787e-05 3.77772e-05 6093.27
2.59193e-07 1.18674e-05 2.63617e-05 3.84884e-05 6101.26
2.64379e-07 1.21962e-05 2.67466e-05 3.92071e-05 6109.2
2.69619e-07 1.25307e-05 2.71331e-05 3.99335e-05 6117.09
2.74913e-07 1.28712e-05 2.75214e-05 4.06675e-05 6124.94
2.80261e-07 1.32176e-05 2.79113e-05 4.14091e-05 6132.75
2.85662e-07 1.35699e-05 2.83029e-05 4.21585e-05 6140.52
2.91116e-07 1.39283e-05 2.86962e-05 4.29156e-05 6148.24
2.96625e-07 1.42927e-05 2.90912e-05 4.36805e-05 6155.93
3.02187e-07 1.46632e-05 2.94878e-05 4.44532e-05 6163.57
3.07803e-07 1.50398e-05 2.9886e-05 4.52336e-05 6171.18
3.13472e-07 1.54226e-05 3.02859e-05 4.6022e-05 6178.74
3.19196e-07 1.58116e-05 3.06874e-05 4.68182e-05 6186.27
3.24974e-07 1.62069e-05 3.10905e-05 4.76224e-05 6193.76
3.30805e-07 1.66085e-05 3.14951e-05 4.84345e-05 6201.22
3.3669e-07 1.70165e-05 3.19014e-05 4.92546e-05 6208.63
3.4263e-07 1.74308e-05 3.23092e-05 5.00827e-05 6216.02
3.48623e-07 1.78516e-05 3.27186e-05 5.09188e-05 6223.36
3.54671e-07 1.82789e-05 3.31295e-05 5.1763e-05 6230.67
3.60772e-07 1.87126e-05 3.35419e-05 5.26153e-05 6237.95
3.66928e-07 1.9153e-05 3.39559e-05 5.34758e-05 6245.19
3.73139e-07 1.95999e-05 3.43714e-05 5.43445e-05 6252.4
3.79403e-07 2.00535e-05 3.47884e-05 5.52213e-05 6259.58
3.85722e-07 2.05137e-05 3.5207e-05 5.61064e-05 6266.72
3.92095e-07 2.09807e-05 3.5627e-05 5.69998e-05 6273.84
3.98523e-07 2.14545e-05 3.60485e-05 5.79015e-05 6280.92
4.05005e-07 2.19351e-05 3.64715e-05 5.88116e-05 6287.97
4.11542e-07 2.24225e-05 3.6896e-05 5.973e-05 6294.99
4.18134e-07 2.29168e-05 3.73219e-05 6.06568e-05 6301.98
4.2478e-07 2.3418e-05 3.77493e-05 6.15921e-05 6308.94
4.31482e-07 2.39263e-05 3.81781e-05 6.25359e-05 6315.87
4.38238e-07 2.44415e-05 3.86084e-05 6.34882e-05 6322.78
4.45049e-07 2.49638e-05 3.90402e-05 6.4449e-05 6329.65
4.51915e-07 2.54932e-05 3.94733e-05 6.54185e-05 6336.5
4.58836e-07 2.60298e-05 3.99079e-05 6.63966e-05 6343.32
4.65813e-07 2.65736e-05 4.0344e-05 6.73833e-05 6350.11
4.72845e-07 2.71245e-05 4.07814e-05 6.83788e-05 6356.88
4.79932e-07 2.76828e-05 4.12203e-05 6.9383e-05 6363.62
4.87075e-07 2.82484e-05 4.16605e-05 7.0396e-05 6370.33
4.94273e-07 2.88213e-05 4.21022e-05 7.14178e-05 6377.02
5.01528e-07 2.94016e-05 4.25453e-05 7.24484e-05 6383.68
5.08837e-07 2.99894e-05 4.29897e-05 7.3488e-05 6390.32
5.16203e-07 3.05846e-05 4.34356e-05 7.45365e-05 6396.93
5.23625e-07 3.11874e-05 4.38829e-05 7.55939e-05 6403.52
5.31103e-07 3.17978e-05 4.43315e-05 7.66604e-05 6410.09
5.38637e-07 3.24157e-05 4.47815e-05 7.77359e-05 6416.63
5.46227e-07 3.30413e-05 4.52329e-05 7.88205e-05 6423.15
5.53874e-07 3.36747e-05 4.56857e-05 7.99142e-05 6429.64
5.61578e-07 3.43157e-05 4.61398e-05 8.10171e-05 6436.11
5.69338e-07 3.49645e-05 4.65953e-05 8.21292e-05 6442.56
5.77155e-07 3.56212e-05 4.70522e-05 8.32505e-05 6448.99
5.85028e-07 3.62857e-05 4.75104e-05 8.43812e-05 6455.4
5.92959e-07 3.69582e-05 4.797e-05 8.55212e-05 6461.79
6.00947e-07 3.76386e-05 4.8431e-05 8.66705e-05 6468.15
6.08992e-07 3.8327e-05 4.88933e-05 8.78293e-05 6474.49
6.17095e-07 3.90234e-05 4.9357e-05 8.89975e-05 6480.82
6.25255e-07 3.9728e-05 4.9822e-05 9.01752e-05 6487.12
6.33473e-07 4.04406e-05 5.02884e-05 9.13625e-05 6493.4
6.41749e-07 4.11615e-05 5.07562e-05 9.25594e-05 6499.67
6.50083e-07 4.18905e-05 5.12253e-05 9.37659e-05 6505.91
6.58475e-07 4.26279e-05 5.16957e-05 9.4982e-05 6512.13
6.66926e-07 4.33735e-05 5.21675e-05 9.62079e-05 6518.34
6.75435e-07 4.41275e-05 5.26407e-05 9.74436e-05 6524.52
6.84002e-07 4.48899e-05 5.31152e-05 9.8689e-05 6530.69
6.92628e-07 4.56607e-05 5.3591e-05 9.99443e-05 6536.84
7.01313e-07 4.644e-05 5.40682e-05 0.00010121 6542.97
7.10058e-07 4.72279e-05 5.45468e-05 0.000102485 6549.09
7.18861e-07 4.80243e-05 5.50267e-05 0.00010377 6555.18
7.27724e-07 4.88294e-05 5.5508e-05 0.000105065 6561.26
7.36647e-07 4.96431e-05 5.59906e-05 0.00010637 6567.33
7.45629e-07 5.04656e-05 5.64745e-05 0.000107686 6573.37
7.54672e-07 5.12968e-05 5.69599e-05 0.000109011 6579.4
7.63774e-07 5.21368e-05 5.74465e-05 0.000110347 6585.41
7.72937e-07 5.29857e-05 5.79346e-05 0.000111693 6591.41
7.8216e-07 5.38435e-05 5.8424e-05 0.00011305 6597.39
7.91445e-07 5.47103e-05 5.89147e-05 0.000114416 6603.35
8.0079e-07 5.5586e-05 5.94068e-05 0.000115794 6609.3
8.10196e-07 5.64708e-05 5.99003e-05 0.000117181 6615.23
8.19663e-07 5.73647e-05 6.03952e-05 0.00011858 6621.15
8.29193e-07 5.82677e-05 6.08914e-05 0.000119988 6627.05
8.38783e-07 5.91799e-05 6.1389e-05 0.000121408 6632.94
8.48436e-07 6.01014e-05 6.18879e-05 0.000122838 6638.82
8.58151e-07 6.10322e-05 6.23882e-05 0.000124279 6644.67
8.67929e-07 6.19723e-05 6.28899e-05 0.00012573 6650.52
8.77768e-07 6.29218e-05 6.3393e-05 0.000127193 6656.35
8.87671e-07 6.38807e-05 6.38975e-05 0.000128666 6662.17
8.97637e-07 6.48491e-05 6.44034e-05 0.00013015 6667.97
9.07666e-07 6.58271e-05 6.49106e-05 0.000131645 6673.76
9.17759e-07 6.68146e-05 6.54192e-05 0.000133152 6679.54
9.27915e-07 6.78118e-05 6.59293e-05 0.000134669 6685.3
9.38136e-07 6.88187e-05 6.64407e-05 0.000136198 6691.05
9.4842e-07 6.98353e-05 6.69536e-05 0.000137737 6696.79
9.58769e-07 7.08617e-05 6.74678e-05 0.000139288 6702.51
9.69183e-07 7.1898e-05 6.79835e-05 0.000140851 6708.22
9.79662e-07 7.29441e-05 6.85005e-05 0.000142424 6713.92
9.90206e-07 7.40002e-05 6.9019e-05 0.000144009 6719.61
1.00082e-06 7.50663e-05 6.9539e-05 0.000145606 6725.28
1.01149e-06 7.61425e-05 7.00603e-05 0.000147214 6730.95
1.02223e-06 7.72288e-05 7.05831e-05 0.000148834 6736.6
1.03304e-06 7.83253e-05 7.11073e-05 0.000150466 6742.24
1.04392e-06 7.94319e-05 7.1633e-05 0.000152109 6747.87
1.05486e-06 8.05489e-05 7.21601e-05 0.000153764 6753.49
1.06586e-06 8.16761e-05 7.26886e-05 0.000155431 6759.09
1.07694e-06 8.28138e-05 7.32187e-05 0.000157109 6764.69
1.08808e-06 8.39619e-05 7.37502e-05 0.0001588 6770.27
1.0993e-06 8.51205e-05 7.42831e-05 0.000160503 6775.84
1.11058e-06 8.62896e-05 7.48175e-05 0.000162218 6781.41
1.12192e-06 8.74694e-05 7.53534e-05 0.000163945 6786.96
1.13334e-06 8.86598e-05 7.58908e-05 0.000165684 6792.5
1.14483e-06 8.9861e-05 7.64297e-05 0.000167436 6798.04
1.15639e-06 9.10729e-05 7.69701e-05 0.000169199 6803.56
1.16801e-06 9.22957e-05 7.7512e-05 0.000170976 6809.07
1.17971e-06 9.35294e-05 7.80554e-05 0.000172765 6814.57
1.19148e-06 9.4774e-05 7.86004e-05 0.000174566 6820.07
1.20331e-06 9.60297e-05 7.91468e-05 0.00017638 6825.55
1.21522e-06 9.72964e-05 7.96948e-05 0.000178206 6831.02
1.2272e-06 9.85743e-05 8.02443e-05 0.000180046 6836.49
1.23926e-06 9.98633e-05 8.07954e-05 0.000181898 6841.95
1.25138e-06 0.000101164 8.1348e-05 0.000183763 6847.39
1.26358e-06 0.000102475 8.19022e-05 0.000185641 6852.83
1.27585e-06 0.000103798 8.24579e-05 0.000187532 6858.26
1.28819e-06 0.000105133 8.30153e-05 0.000189436 6863.68
1.30061e-06 0.000106479 8.35742e-05 0.000191354 6869.09
1.3131e-06 0.000107836 8.41346e-05 0.000193284 6874.5
1.32566e-06 0.000109206 8.46967e-05 0.000195228 6879.89
1.3383e-06 0.000110587 8.52604e-05 0.000197185 6885.28
1.35102e-06 0.000111979 8.58257e-05 0.000199156 6890.66
1.36381e-06 0.000113384 8.63927e-05 0.00020114 6896.03
1.37668e-06 0.0001148 8.69612e-05 0.000203138 6901.4
1.38962e-06 0.000116229 8.75315e-05 0.00020515 6906.75
1.40264e-06 0.000117669 8.81033e-05 0.000207175 6912.1
1.41574e-06 0.000119122 8.86768e-05 0.000209214 6917.44
1.42891e-06 0.000120586 8.9252e-05 0.000211267 6922.78
1.44217e-06 0.000122063 8.98288e-05 0.000213334 6928.1
1.4555e-06 0.000123553 9.04074e-05 0.000215415 6933.42
1.46891e-06 0.000125054 9.09876e-05 0.000217511 6938.74
1.4824e-06 0.000126568 9.15695e-05 0.00021962 6944.04
1.49596e-06 0.000128095 9.21532e-05 0.000221744 6949.34
1.50961e-06 0.000129634 9.27386e-05 0.000223882 6954.63
1.52334e-06 0.000131186 9.33256e-05 0.000226035 6959.92
1.53715e-06 0.000132751 9.39145e-05 0.000228202 6965.2
1.55104e-06 0.000134328 9.45051e-05 0.000230384 6970.47
1.56502e-06 0.000135918 9.50974e-05 0.000232581 6975.74
1.57907e-06 0.000137522 9.56916e-05 0.000234792 6981
1.59321e-06 0.000139138 9.62875e-05 0.000237018 6986.25
1.60743e-06 0.000140767 9.68852e-05 0.00023926 6991.5
1.62174e-06 0.00014241 9.74847e-05 0.000241516 6996.74
1.63613e-06 0.000144066 9.8086e-05 0.000243788 7001.98
1.65061e-06 0.000145735 9.86892e-05 0.000246075 7007.21
1.66517e-06 0.000147417 9.92941e-05 0.000248377 7012.43
1.67981e-06 0.000149113 9.9901e-05 0.000250694 7017.65
1.69454e-06 0.000150823 0.00010051 0.000253027 7022.87
1.70936e-06 0.000152546 0.00010112 0.000255376 7028.08
1.72427e-06 0.000154284 0.000101733 0.000257741 7033.28
1.73926e-06 0.000156034 0.000102347 0.000260121 7038.48
1.75435e-06 0.000157799 0.000102963 0.000262517 7043.67
1.76952e-06 0.000159578 0.000103581 0.000264929 7048.86
1.78478e-06 0.000161371 0.000104202 0.000267357 7054.05
1.80013e-06 0.000163178 0.000104824 0.000269802 7059.23
1.81557e-06 0.000164999 0.000105448 0.000272262 7064.4
1.8311e-06 0.000166835 0.000106074 0.000274739 7069.57
1.84673e-06 0.000168685 0.000106702 0.000277233 7074.74
1.86245e-06 0.000170549 0.000107332 0.000279743 7079.9
1.87826e-06 0.000172428 0.000107964 0.00028227 7085.05
1.89416e-06 0.000174322 0.000108598 0.000284814 7090.21
1.91016e-06 0.00017623 0.000109234 0.000287374 7095.35
1.92625e-06 0.000178154 0.000109872 0.000289952 7100.5
1.94243e-06 0.000180092 0.000110512 0.000292546 7105.64
1.95872e-06 0.000182045 0.000111154 0.000295158 7110.78
1.9751e-06 0.000184014 0.000111798 0.000297787 7115.91
1.99157e-06 0.000185998 0.000112445 0.000300434 7121.04
2.00815e-06 0.000187997 0.000113093 0.000303098 7126.16
2.02482e-06 0.000190011 0.000113744 0.00030578 7131.28
2.04159e-06 0.000192041 0.000114397 0.00030848 7136.4
2.05847e-06 0.000194087 0.000115052 0.000311197 7141.52
2.07544e-06 0.000196148 0.000115709 0.000313933 7146.63
2.09251e-06 0.000198225 0.000116368 0.000316686 7151.74
2.10969e-06 0.000200318 0.00011703 0.000319458 7156.84
2.12696e-06 0.000202427 0.000117694 0.000322248 7161.95
2.14435e-06 0.000204553 0.00011836 0.000325057 7167.05
2.16183e-06 0.000206694 0.000119028 0.000327884 7172.14
2.17942e-06 0.000208852 0.000119699 0.00033073 7177.24
2.19711e-06 0.000211026 0.000120372 0.000333595 7182.33
2.21492e-06 0.000213216 0.000121047 0.000336478 7187.42
2.23282e-06 0.000215424 0.000121724 0.000339381 7192.5
2.25084e-06 0.000217648 0.000122404 0.000342303 7197.59
2.26896e-06 0.000219889 0.000123087 0.000345244 7202.67
2.28719e-06 0.000222147 0.000123771 0.000348205 7207.75
2.30554e-06 0.000224422 0.000124458 0.000351185 7212.82
2.32399e-06 0.000226714 0.000125148 0.000354186 7217.9
2.34255e-06 0.000229023 0.000125839 0.000357205 7222.97
2.36123e-06 0.00023135 0.000126534 0.000360245 7228.04
2.38002e-06 0.000233695 0.00012723 0.000363305 7233.11
2.39892e-06 0.000236057 0.00012793 0.000366386 7238.18
2.41794e-06 0.000238437 0.000128631 0.000369486 7243.24
2.43708e-06 0.000240835 0.000129336 0.000372608 7248.31
2.45633e-06 0.000243251 0.000130043 0.00037575 7253.37
2.47569e-06 0.000245685 0.000130752 0.000378912 7258.43
2.49518e-06 0.000248137 0.000131464 0.000382096 7263.49
2.51479e-06 0.000250607 0.000132179 0.000385301 7268.55
2.53451e-06 0.000253097 0.000132896 0.000388527 7273.6
2.55436e-06 0.000255604 0.000133616 0.000391774 7278.66
2.57432e-06 0.000258131 0.000134338 0.000395043 7283.71
2.59441e-06 0.000260676 0.000135063 0.000398334 7288.77
2.61463e-06 0.000263241 0.000135791 0.000401646 7293.82
2.63496e-06 0.000265824 0.000136522 0.000404981 7298.87
2.65543e-06 0.000268427 0.000137255 0.000408338 7303.92
2.67602e-06 0.000271049 0.000137991 0.000411717 7308.97
2.69673e-06 0.000273691 0.00013873 0.000415118 7314.02
2.71758e-06 0.000276353 0.000139472 0.000418542 7319.07
2.73855e-06 0.000279034 0.000140216 0.000421989 7324.12
2.75966e-06 0.000281736 0.000140964 0.000425459 7329.16
2.7809e-06 0.000284457 0.000141714 0.000428952 7334.21
2.80227e-06 0.000287199 0.000142467 0.000432469 7339.26
2.82377e-06 0.000289961 0.000143224 0.000436009 7344.3
2.84541e-06 0.000292744 0.000143983 0.000439572 7349.35
2.86718e-06 0.000295548 0.000144745 0.000443159 7354.4
2.88909e-06 0.000298372 0.00014551 0.000446771 7359.44
2.91114e-06 0.000301217 0.000146278 0.000450406 7364.49
2.93332e-06 0.000304084 0.000147049 0.000454066 7369.54
2.95565e-06 0.000306971 0.000147823 0.00045775 7374.59
2.97812e-06 0.000309881 0.000148601 0.000461459 7379.63
3.00073e-06 0.000312812 0.000149381 0.000465193 7384.68
3.02348e-06 0.000315764 0.000150165 0.000468952 7389.73
3.04638e-06 0.000318739 0.000150951 0.000472736 7394.78
3.06942e-06 0.000321736 0.000151741 0.000476546 7399.83
3.09262e-06 0.000324755 0.000152534 0.000480382 7404.88
3.11596e-06 0.000327796 0.000153331 0.000484243 7409.93
3.13945e-06 0.00033086 0.000154131 0.00048813 7414.98
3.16309e-06 0.000333947 0.000154934 0.000492044 7420.03
3.18688e-06 0.000337057 0.00015574 0.000495984 7425.09
3.21083e-06 0.000340189 0.00015655 0.00049995 7430.14
3.23493e-06 0.000343346 0.000157363 0.000503944 7435.2
3.25918e-06 0.000346525 0.00015818 0.000507964 7440.26
3.2836e-06 0.000349729 0.000159 0.000512012 7445.32
3.30817e-06 0.000352956 0.000159823 0.000516087 7450.38
3.3329e-06 0.000356207 0.00016065 0.00052019 7455.44
3.3578e-06 0.000359482 0.000161481 0.000524321 7460.5
3.38285e-06 0.000362782 0.000162315 0.00052848 7465.57
3.40808e-06 0.000366106 0.000163153 0.000532667 7470.64
3.43346e-06 0.000369456 0.000163994 0.000536883 7475.7
3.45902e-06 0.00037283 0.000164839 0.000541128 7480.77
3.48474e-06 0.000376229 0.000165688 0.000545402 7485.85
3.51063e-06 0.000379654 0.000166541 0.000549705 7490.92
3.5367e-06 0.000383104 0.000167397 0.000554038 7496
3.56294e-06 0.00038658 0.000168257 0.0005584 7501.08
3.58935e-06 0.000390082 0.000169121 0.000562792 7506.16
3.61594e-06 0.00039361 0.000169989 0.000567215 7511.24
3.64271e-06 0.000397165 0.00017086 0.000571668 7516.33
3.66965e-06 0.000400746 0.000171736 0.000576151 7521.42
3.69678e-06 0.000404354 0.000172616 0.000580666 7526.51
3.72409e-06 0.000407989 0.000173499 0.000585212 7531.6
3.75159e-06 0.000411651 0.000174387 0.00058979 7536.7
3.77927e-06 0.000415341 0.000175279 0.000594399 7541.8
3.80714e-06 0.000419058 0.000176175 0.00059904 7546.9
3.8352e-06 0.000422804 0.000177075 0.000603714 7552.01
3.86345e-06 0.000426577 0.000177979 0.00060842 7557.11
3.89189e-06 0.000430379 0.000178887 0.000613159 7562.23
3.92053e-06 0.00043421 0.0001798 0.000617931 7567.34
3.94936e-06 0.00043807 0.000180717 0.000622736 7572.46
3.9784e-06 0.000441958 0.000181638 0.000627575 7577.58
4.00763e-06 0.000445876 0.000182564 0.000632448 7582.71
4.03707e-06 0.000449824 0.000183494 0.000637356 7587.83
4.06671e-06 0.000453802 0.000184429 0.000642297 7592.97
4.09656e-06 0.000457809 0.000185368 0.000647274 7598.1
4.12661e-06 0.000461847 0.000186312 0.000652286 7603.24
4.15688e-06 0.000465916 0.00018726 0.000657333 7608.39
4.18736e-06 0.000470015 0.000188213 0.000662416 7613.53
4.21805e-06 0.000474146 0.000189171 0.000667535 7618.69
4.24896e-06 0.000478308 0.000190134 0.000672691 7623.84
4.28009e-06 0.000482502 0.000191101 0.000677883 7629
4.31144e-06 0.000486728 0.000192073 0.000683112 7634.17
4.34301e-06 0.000490986 0.00019305 0.000688379 7639.34
4.3748e-06 0.000495277 0.000194031 0.000693683 7644.51
4.40683e-06 0.000499601 0.000195018 0.000699026 7649.69
4.43908e-06 0.000503957 0.00019601 0.000704406 7654.87
4.47157e-06 0.000508348 0.000197007 0.000709826 7660.06
4.50429e-06 0.000512771 0.000198009 0.000715284 7665.25
4.53724e-06 0.000517229 0.000199016 0.000720782 7670.45
4.57044e-06 0.000521722 0.000200028 0.00072632 7675.66
4.60387e-06 0.000526248 0.000201046 0.000731898 7680.86
4.63755e-06 0.00053081 0.000202069 0.000737516 7686.08
4.67148e-06 0.000535407 0.000203097 0.000743176 7691.3
4.70565e-06 0.00054004 0.00020413 0.000748876 7696.52
4.74008e-06 0.000544709 0.000205169 0.000754618 7701.75
4.77476e-06 0.000549414 0.000206214 0.000760403 7706.98
4.8097e-06 0.000554155 0.000207264 0.000766229 7712.23
4.8449e-06 0.000558934 0.00020832 0.000772099 7717.47
4.88036e-06 0.00056375 0.000209382 0.000778012 7722.73
4.91608e-06 0.000568603 0.000210449 0.000783968 7727.98
4.95207e-06 0.000573494 0.000211522 0.000789968 7733.25
4.98833e-06 0.000578424 0.000212601 0.000796013 7738.52
5.02487e-06 0.000583392 0.000213686 0.000802103 7743.8
5.06168e-06 0.0005884 0.000214777 0.000808238 7749.08
5.09877e-06 0.000593447 0.000215874 0.000814419 7754.37
5.13614e-06 0.000598533 0.000216977 0.000820646 7759.67
5.1738e-06 0.00060366 0.000218086 0.00082692 7764.97
5.21174e-06 0.000608828 0.000219201 0.000833241 7770.28
5.24998e-06 0.000614036 0.000220323 0.000839609 7775.6
5.28851e-06 0.000619286 0.000221451 0.000846025 7780.92
5.32734e-06 0.000624578 0.000222585 0.00085249 7786.26
5.36647e-06 0.000629911 0.000223726 0.000859004 7791.59
5.4059e-06 0.000635288 0.000224874 0.000865567 7796.94
5.44564e-06 0.000640707 0.000226028 0.000872181 7802.29
5.4857e-06 0.00064617 0.000227189 0.000878845 7807.66
5.52606e-06 0.000651677 0.000228357 0.000885559 7813.02
5.56675e-06 0.000657228 0.000229531 0.000892325 7818.4
5.60775e-06 0.000662823 0.000230712 0.000899144 7823.79
5.64909e-06 0.000668464 0.000231901 0.000906014 7829.18
5.69075e-06 0.000674151 0.000233096 0.000912938 7834.58
5.73274e-06 0.000679884 0.000234299 0.000919915 7839.99
5.77507e-06 0.000685663 0.000235509 0.000926947 7845.4
5.81774e-06 0.00069149 0.000236726 0.000934033 7850.83
5.86075e-06 0.000697364 0.00023795 0.000941175 7856.26
5.90411e-06 0.000703286 0.000239182 0.000948372 7861.71
5.94783e-06 0.000709256 0.000240422 0.000955626 7867.16
5.9919e-06 0.000715276 0.000241669 0.000962936 7872.62
6.03632e-06 0.000721345 0.000242924 0.000970305 7878.09
6.08112e-06 0.000727464 0.000244186 0.000977731 7883.57
6.12628e-06 0.000733634 0.000245457 0.000985217 7889.05
6.17182e-06 0.000739855 0.000246735 0.000992761 7894.55
6.21773e-06 0.000746127 0.000248021 0.00100037 7900.06
6.26403e-06 0.000752452 0.000249316 0.00100803 7905.57
6.31071e-06 0.000758829 0.000250619 0.00101576 7911.1
6.35778e-06 0.00076526 0.00025193 0.00102355 7916.64
6.40525e-06 0.000771745 0.00025325 0.0010314 7922.18
6.45312e-06 0.000778284 0.000254578 0.00103932 7927.74
6.50139e-06 0.000784879 0.000255914 0.00104729 7933.3
6.55008e-06 0.000791529 0.00025726 0.00105534 7938.88
6.59918e-06 0.000798235 0.000258614 0.00106345 7944.47
6.6487e-06 0.000804998 0.000259977 0.00107162 7950.07
6.69864e-06 0.000811819 0.000261349 0.00107987 7955.67
6.74902e-06 0.000818698 0.00026273 0.00108818 7961.29
6.79983e-06 0.000825635 0.00026412 0.00109656 7966.92
6.85109e-06 0.000832632 0.00026552 0.001105 7972.57
6.90279e-06 0.000839689 0.000266929 0.00111352 7978.22
6.95494e-06 0.000846807 0.000268348 0.00112211 7983.88
7.00755e-06 0.000853987 0.000269776 0.00113077 7989.56
7.06063e-06 0.000861229 0.000271214 0.0011395 7995.25
7.11417e-06 0.000868533 0.000272662 0.00114831 8000.95
7.16819e-06 0.000875901 0.00027412 0.00115719 8006.66
7.2227e-06 0.000883334 0.000275589 0.00116614 8012.39
7.27769e-06 0.000890831 0.000277067 0.00117518 8018.12
7.33317e-06 0.000898394 0.000278556 0.00118428 8023.87
7.38916e-06 0.000906024 0.000280055 0.00119347 8029.63
7.44565e-06 0.000913721 0.000281565 0.00120273 8035.41
7.50266e-06 0.000921487 0.000283085 0.00121207 8041.2
7.56019e-06 0.000929321 0.000284617 0.0012215 8047
7.61824e-06 0.000937225 0.000286159 0.001231 8052.81
7.67683e-06 0.0009452 0.000287712 0.00124059 8058.64
7.73596e-06 0.000953246 0.000289277 0.00125026 8064.48
7.79564e-06 0.000961364 0.000290854 0.00126001 8070.34
7.85588e-06 0.000969555 0.000292441 0.00126985 8076.21
7.91668e-06 0.000977821 0.000294041 0.00127978 8082.09
7.97804e-06 0.000986161 0.000295652 0.00128979 8087.99
8.03999e-06 0.000994577 0.000297275 0.00129989 8093.9
8.10252e-06 0.00100307 0.000298911 0.00131008 8099.82
8.16565e-06 0.00101164 0.000300559 0.00132037 8105.77
8.22938e-06 0.00102029 0.000302219 0.00133074 8111.72
8.29372e-06 0.00102902 0.000303892 0.0013412 8117.69
8.35868e-06 0.00103783 0.000305577 0.00135176 8123.68
8.42427e-06 0.00104672 0.000307276 0.00136242 8129.68
8.49049e-06 0.00105569 0.000308987 0.00137317 8135.7
8.55736e-06 0.00106475 0.000310712 0.00138402 8141.74
8.62488e-06 0.00107389 0.00031245 0.00139497 8147.79
8.69307e-06 0.00108312 0.000314202 0.00140601 8153.85
8.76193e-06 0.00109243 0.000315968 0.00141716 8159.93
8.83147e-06 0.00110184 0.000317748 0.00142841 8166.03
8.9017e-06 0.00111133 0.000319542 0.00143977 8172.15
8.97263e-06 0.00112091 0.00032135 0.00145123 8178.28
9.04428e-06 0.00113058 0.000323172 0.0014628 8184.44
9.11664e-06 0.00114035 0.00032501 0.00147447 8190.6
9.18974e-06 0.00115021 0.000326862 0.00148626 8196.79
9.26359e-06 0.00116016 0.000328729 0.00149815 8202.99
9.33818e-06 0.00117021 0.000330612 0.00151016 8209.22
9.41354e-06 0.00118036 0.00033251 0.00152228 8215.46
9.48968e-06 0.00119061 0.000334424 0.00153452 8221.71
9.5666e-06 0.00120095 0.000336354 0.00154687 8227.99
9.64433e-06 0.0012114 0.0003383 0.00155935 8234.29
9.72286e-06 0.00122195 0.000340263 0.00157194 8240.6
9.80222e-06 0.00123261 0.000342242 0.00158465 8246.94
9.88241e-06 0.00124337 0.000344238 0.00159749 8253.29
9.96345e-06 0.00125424 0.000346251 0.00161045 8259.67
1.00454e-05 0.00126521 0.000348281 0.00162354 8266.06
1.01281e-05 0.0012763 0.000350329 0.00163676 8272.48
1.02118e-05 0.0012875 0.000352394 0.0016501 8278.91
1.02963e-05 0.00129881 0.000354478 0.00166358 8285.37
1.03818e-05 0.00131023 0.00035658 0.0016772 8291.85
1.04682e-05 0.00132178 0.0003587 0.00169094 8298.35
1.05556e-05 0.00133344 0.000360839 0.00170483 8304.87
1.06439e-05 0.00134521 0.000362998 0.00171886 8311.41
1.07332e-05 0.00135711 0.000365175 0.00173302 8317.97
1.08234e-05 0.00136914 0.000367373 0.00174733 8324.56
1.09147e-05 0.00138128 0.00036959 0.00176179 8331.17
1.1007e-05 0.00139356 0.000371827 0.00177639 8337.8
1.11003e-05 0.00140596 0.000374085 0.00179115 8344.46
1.11947e-05 0.00141849 0.000376364 0.00180605 8351.14
1.12901e-05 0.00143116 0.000378664 0.00182111 8357.84
1.13867e-05 0.00144396 0.000380985 0.00183633 8364.57
1.14843e-05 0.00145689 0.000383328 0.0018517 8371.32
1.1583e-05 0.00146996 0.000385693 0.00186724 8378.09
1.16829e-05 0.00148317 0.00038808 0.00188293 8384.89
1.1784e-05 0.00149653 0.00039049 0.0018988 8391.72
1.18862e-05 0.00151002 0.000392923 0.00191483 8398.57
1.19896e-05 0.00152367 0.000395379 0.00193103 8405.45
1.20943e-05 0.00153746 0.00039786 0.00194741 8412.35
1.22001e-05 0.0015514 0.000400364 0.00196396 8419.28
1.23073e-05 0.00156549 0.000402893 0.00198069 8426.24
1.24157e-05 0.00157974 0.000405446 0.00199761 8433.22
1.25254e-05 0.00159415 0.000408025 0.0020147 8440.23
1.26364e-05 0.00160872 0.000410629 0.00203199 8447.27
1.27488e-05 0.00162345 0.00041326 0.00204946 8454.33
1.28626e-05 0.00163834 0.000415917 0.00206712 8461.43
1.29777e-05 0.00165341 0.0004186 0.00208498 8468.55
1.30942e-05 0.00166864 0.000421311 0.00210304 8475.7
1.32122e-05 0.00168404 0.00042405 0.0021213 8482.88
1.33317e-05 0.00169962 0.000426816 0.00213977 8490.1
1.34526e-05 0.00171538 0.000429611 0.00215844 8497.34
1.35751e-05 0.00173132 0.000432435 0.00217733 8504.61
1.36991e-05 0.00174744 0.000435289 0.00219643 8511.91
1.38246e-05 0.00176375 0.000438172 0.00221575 8519.25
1.39518e-05 0.00178025 0.000441086 0.00223529 8526.61
1.40806e-05 0.00179694 0.000444031 0.00225505 8534.01
1.4211e-05 0.00181383 0.000447007 0.00227505 8541.44
1.43431e-05 0.00183091 0.000450015 0.00229527 8548.9
1.4477e-05 0.0018482 0.000453056 0.00231574 8556.4
1.46126e-05 0.0018657 0.000456129 0.00233644 8563.93
1.47499e-05 0.0018834 0.000459236 0.00235739 8571.49
1.48891e-05 0.00190132 0.000462377 0.00237858 8579.09
1.50301e-05 0.00191945 0.000465552 0.00240003 8586.72
1.5173e-05 0.0019378 0.000468763 0.00242173 8594.38
1.53178e-05 0.00195637 0.000472009 0.0024437 8602.09
1.54645e-05 0.00197517 0.000475292 0.00246593 8609.83
1.56132e-05 0.0019942 0.000478612 0.00248843 8617.6
1.5764e-05 0.00201347 0.000481969 0.0025112 8625.41
1.59168e-05 0.00203297 0.000485364 0.00253425 8633.26
1.60716e-05 0.00205272 0.000488799 0.00255759 8641.15
1.62287e-05 0.00207271 0.000492273 0.00258121 8649.08
1.63879e-05 0.00209295 0.000495787 0.00260513 8657.04
1.65493e-05 0.00211345 0.000499341 0.00262934 8665.04
1.67129e-05 0.00213421 0.000502938 0.00265386 8673.09
1.68789e-05 0.00215523 0.000506577 0.00267869 8681.17
1.70472e-05 0.00217652 0.000510258 0.00270383 8689.3
1.72179e-05 0.00219809 0.000513984 0.00272929 8697.46
1.73911e-05 0.00221993 0.000517754 0.00275507 8705.67
1.75667e-05 0.00224205 0.000521569 0.00278119 8713.92
1.77449e-05 0.00226446 0.000525431 0.00280764 8722.21
1.79256e-05 0.00228717 0.000529339 0.00283443 8730.54
1.8109e-05 0.00231017 0.000533295 0.00286158 8738.92
1.82951e-05 0.00233348 0.0005373 0.00288907 8747.34
1.84839e-05 0.00235709 0.000541354 0.00291693 8755.81
1.86755e-05 0.00238102 0.000545458 0.00294516 8764.32
1.88699e-05 0.00240527 0.000549614 0.00297376 8772.88
1.90673e-05 0.00242985 0.000553822 0.00300274 8781.49
1.92676e-05 0.00245475 0.000558082 0.0030321 8790.14
1.9471e-05 0.00248 0.000562397 0.00306187 8798.84
1.96774e-05 0.00250558 0.000566767 0.00309203 8807.58
1.9887e-05 0.00253152 0.000571193 0.0031226 8816.38
2.00997e-05 0.00255782 0.000575675 0.00315359 8825.23
2.03158e-05 0.00258447 0.000580216 0.003185 8834.12
2.05352e-05 0.0026115 0.000584816 0.00321685 8843.06
2.0758e-05 0.0026389 0.000589476 0.00324913 8852.06
2.09843e-05 0.00266669 0.000594197 0.00328187 8861.11
2.12142e-05 0.00269486 0.00059898 0.00331506 8870.21
2.14477e-05 0.00272343 0.000603827 0.00334871 8879.36
2.16849e-05 0.00275241 0.000608739 0.00338284 8888.56
2.19259e-05 0.0027818 0.000613717 0.00341745 8897.82
2.21707e-05 0.00281161 0.000618761 0.00345255 8907.14
2.24195e-05 0.00284185 0.000623874 0.00348815 8916.51
2.26723e-05 0.00287253 0.000629057 0.00352426 8925.93
2.29292e-05 0.00290365 0.000634311 0.00356089 8935.41
2.31903e-05 0.00293522 0.000639636 0.00359804 8944.95
2.34557e-05 0.00296725 0.000645035 0.00363574 8954.55
2.37255e-05 0.00299975 0.00065051 0.00367399 8964.2
2.39997e-05 0.00303273 0.00065606 0.00371279 8973.92
2.42785e-05 0.0030662 0.000661688 0.00375217 8983.69
2.45619e-05 0.00310016 0.000667396 0.00379212 8993.52
2.48502e-05 0.00313464 0.000673184 0.00383267 9003.42
2.51432e-05 0.00316962 0.000679054 0.00387382 9013.37
2.54413e-05 0.00320514 0.000685008 0.00391559 9023.39
2.57444e-05 0.00324118 0.000691047 0.00395798 9033.47
2.60527e-05 0.00327778 0.000697174 0.004001 9043.61
2.63663e-05 0.00331493 0.000703388 0.00404468 9053.82
2.66853e-05 0.00335265 0.000709693 0.00408903 9064.1
2.70098e-05 0.00339094 0.00071609 0.00413404 9074.43
2.73399e-05 0.00342983 0.00072258 0.00417975 9084.84
2.76759e-05 0.00346931 0.000729166 0.00422615 9095.31
2.80177e-05 0.0035094 0.000735849 0.00427327 9105.85
2.83655e-05 0.00355012 0.000742631 0.00432112 9116.46
2.87194e-05 0.00359147 0.000749513 0.00436971 9127.13
2.90797e-05 0.00363347 0.000756498 0.00441905 9137.88
2.94464e-05 0.00367613 0.000763588 0.00446916 9148.69
2.98196e-05 0.00371946 0.000770784 0.00452006 9159.58
3.01995e-05 0.00376347 0.000778089 0.00457176 9170.53
3.05862e-05 0.00380818 0.000785504 0.00462427 9181.56
3.09799e-05 0.0038536 0.000793032 0.00467761 9192.66
3.13808e-05 0.00389974 0.000800674 0.00473179 9203.84
3.17889e-05 0.00394662 0.000808433 0.00478684 9215.08
3.22045e-05 0.00399425 0.000816311 0.00484276 9226.4
3.26277e-05 0.00404264 0.00082431 0.00489958 9237.8
3.30587e-05 0.00409181 0.000832432 0.0049573 9249.27
3.34976e-05 0.00414178 0.000840679 0.00501595 9260.82
3.39446e-05 0.00419255 0.000849054 0.00507555 9272.44
3.43999e-05 0.00424414 0.000857559 0.0051361 9284.14
3.48636e-05 0.00429658 0.000866196 0.00519764 9295.92
3.5336e-05 0.00434986 0.000874968 0.00526016 9307.77
3.58171e-05 0.00440401 0.000883877 0.0053237 9319.7
3.63073e-05 0.00445904 0.000892925 0.00538827 9331.71
3.68066e-05 0.00451497 0.000902115 0.0054539 9343.8
3.73153e-05 0.00457182 0.000911449 0.00552058 9355.97
3.78336e-05 0.0046296 0.000920929 0.00558836 9368.22
3.83616e-05 0.00468832 0.000930559 0.00565724 9380.55
3.88996e-05 0.00474801 0.00094034 0.00572725 9392.96
3.94478e-05 0.00480867 0.000950276 0.0057984 9405.44
4.00063e-05 0.00487033 0.000960368 0.00587071 9418.01
4.05754e-05 0.00493301 0.00097062 0.0059442 9430.66
4.11553e-05 0.00499671 0.000981033 0.0060189 9443.39
4.17463e-05 0.00506146 0.000991611 0.00609482 9456.21
4.23484e-05 0.00512727 0.00100236 0.00617198 9469.1
4.2962e-05 0.00519417 0.00101327 0.0062504 9482.08
4.35872e-05 0.00526216 0.00102436 0.0063301 9495.13
4.42243e-05 0.00533126 0.00103562 0.00641111 9508.27
4.48735e-05 0.0054015 0.00104706 0.00649343 9521.49
4.55351e-05 0.00547288 0.00105868 0.0065771 9534.79
4.62092e-05 0.00554544 0.00107048 0.00666212 9548.17
4.68961e-05 0.00561917 0.00108246 0.00674853 9561.63
4.75961e-05 0.00569411 0.00109464 0.00683634 9575.17
4.83093e-05 0.00577026 0.001107 0.00692557 9588.79
4.9036e-05 0.00584765 0.00111956 0.00701624 9602.49
4.97765e-05 0.00592628 0.00113232 0.00710838 9616.27
5.05309e-05 0.00600619 0.00114527 0.00720199 9630.13
5.12996e-05 0.00608738 0.00115842 0.0072971 9644.07
5.20827e-05 0.00616987 0.00117178 0.00739373 9658.09
5.28804e-05 0.00625368 0.00118534 0.0074919 9672.18
5.36932e-05 0.00633883 0.0011991 0.00759162 9686.35
5.4521e-05 0.00642532 0.00121308 0.00769292 9700.6
5.53643e-05 0.00651317 0.00122727 0.00779581 9714.92
5.62232e-05 0.00660241 0.00124168 0.00790032 9729.32
5.7098e-05 0.00669304 0.0012563 0.00800645 9743.79
5.79889e-05 0.00678509 0.00127115 0.00811422 9758.33
5.88961e-05 0.00687855 0.00128621 0.00822366 9772.95
5.982e-05 0.00697346 0.0013015 0.00833477 9787.63
6.07606e-05 0.00706981 0.00131701 0.00844758 9802.39
6.17182e-05 0.00716763 0.00133275 0.0085621 9817.21
6.26931e-05 0.00726693 0.00134872 0.00867835 9832.1
6.36855e-05 0.00736772 0.00136492 0.00879633 9847.05
6.46955e-05 0.00747001 0.00138135 0.00891606 9862.07
6.57235e-05 0.00757382 0.00139802 0.00903756 9877.16
6.67696e-05 0.00767914 0.00141492 0.00916083 9892.3
6.7834e-05 0.007786 0.00143206 0.0092859 9907.51
6.89169e-05 0.00789441 0.00144944 0.00941277 9922.77
7.00186e-05 0.00800437 0.00146706 0.00954144 9938.09
7.11391e-05 0.00811588 0.00148492 0.00967194 9953.47
7.22788e-05 0.00822897 0.00150302 0.00980427 9968.9
7.34377e-05 0.00834363 0.00152137 0.00993844 9984.38
7.46161e-05 0.00845988 0.00153996 0.0100745 9999.92
7.58141e-05 0.00857771 0.00155879 0.0102123 10015.5
7.70319e-05 0.00869714 0.00157787 0.010352 10031.1
7.82697e-05 0.00881817 0.0015972 0.0104936 10046.8
7.95276e-05 0.0089408 0.00161677 0.0106371 10062.5
8.08057e-05 0.00906503 0.00163659 0.0107824 10078.3
8.21042e-05 0.00919087 0.00165666 0.0109296 10094.1
8.34232e-05 0.00931833 0.00167697 0.0110787 10109.9
8.47628e-05 0.00944739 0.00169753 0.0112297 10125.8
8.61232e-05 0.00957807 0.00171834 0.0113825 10141.7
8.75045e-05 0.00971035 0.0017394 0.0115373 10157.6
8.89068e-05 0.00984425 0.0017607 0.0116939 10173.6
9.03301e-05 0.00997975 0.00178225 0.0118523 10189.6
9.17745e-05 0.0101169 0.00180405 0.0120127 10205.6
9.32402e-05 0.0102556 0.00182609 0.0121749 10221.6
9.47272e-05 0.0103959 0.00184838 0.012339 10237.7
9.62355e-05 0.0105378 0.00187091 0.0125049 10253.8
9.77653e-05 0.0106813 0.00189369 0.0126727 10269.9
9.93165e-05 0.0108264 0.00191671 0.0128424 10286
0.000100889 0.010973 0.00193997 0.0130139 10302.1
0.000102484 0.0111213 0.00196346 0.0131872 10318.3
0.000104099 0.0112711 0.0019872 0.0133624 10334.4
0.000105737 0.0114224 0.00201118 0.0135393 10350.6
0.000107396 0.0115753 0.00203539 0.0137181 10366.7
0.000109077 0.0117298 0.00205984 0.0138987 10382.9
0.000110779 0.0118857 0.00208452 0.014081 10399.1
0.000112503 0.0120432 0.00210943 0.0142651 10415.2
0.000114248 0.0122022 0.00213457 0.014451 10431.4
0.000116015 0.0123627 0.00215995 0.0146386 10447.5
0.000117804 0.0125246 0.00218554 0.014828 10463.7
0.000119614 0.0126881 0.00221136 0.0150191 10479.8
0.000121445 0.012853 0.00223741 0.0152118 10496
0.000123298 0.0130193 0.00226367 0.0154063 10512.1
0.000125172 0.0131871 0.00229016 0.0156024 10528.2
0.000127067 0.0133563 0.00231686 0.0158002 10544.3
0.000128984 0.0135269 0.00234377 0.0159997 10560.4
0.000130922 0.0136989 0.0023709 0.0162007 10576.4
0.000132881 0.0138723 0.00239823 0.0164034 10592.5
0.00013486 0.014047 0.00242578 0.0166077 10608.5
0.000136861 0.0142231 0.00245353 0.0168135 10624.5
0.000138883 0.0144005 0.00248148 0.0170209 10640.5
0.000140925 0.0145793 0.00250964 0.0172298 10656.4
0.000142988 0.0147593 0.00253799 0.0174403 10672.4
0.000145071 0.0149407 0.00256654 0.0176523 10688.3
0.000147175 0.0151233 0.00259528 0.0178657 10704.1
0.000149299 0.0153071 0.00262421 0.0180806 10720
0.000151443 0.0154922 0.00265334 0.018297 10735.8
0.000153607 0.0156785 0.00268265 0.0185148 10751.6
0.000155791 0.015866 0.00271214 0.018734 10767.3
0.000157995 0.0160548 0.00274181 0.0189546 10783
0.000160219 0.0162446 0.00277167 0.0191765 10798.7
0.000162462 0.0164357 0.0028017 0.0193999 10814.3
0.000164725 0.0166279 0.00283191 0.0196245 10829.9
0.000167007 0.0168212 0.00286228 0.0198505 10845.5
0.000169308 0.0170156 0.00289283 0.0200778 10861
0.000171628 0.0172111 0.00292355 0.0203063 10876.5
0.000173967 0.0174077 0.00295443 0.0205361 10891.9
0.000176325 0.0176054 0.00298547 0.0207672 10907.4
0.000178701 0.0178041 0.00301667 0.0209994 10922.7
0.000181096 0.0180038 0.00304803 0.0212329 10938
0.000183509 0.0182045 0.00307955 0.0214676 10953.3
0.000185941 0.0184063 0.00311122 0.0217034 10968.5
0.00018839 0.018609 0.00314304 0.0219404 10983.7
0.000190857 0.0188127 0.003175 0.0221785 10998.9
0.000193342 0.0190173 0.00320712 0.0224178 11014
0.000195845 0.0192229 0.00323938 0.0226581 11029
0.000198365 0.0194294 0.00327178 0.0228995 11044.1
0.000200902 0.0196367 0.00330432 0.023142 11059
0.000203457 0.019845 0.003337 0.0233855 11073.9
0.000206028 0.0200542 0.00336981 0.02363 11088.8
0.000208616 0.0202642 0.00340275 0.0238756 11103.6
0.000211221 0.0204751 0.00343583 0.0241221 11118.4
0.000213843 0.0206867 0.00346904 0.0243696 11133.1
0.000216481 0.0208992 0.00350237 0.0246181 11147.8
0.000219135 0.0211126 0.00353583 0.0248675 11162.4
0.000221806 0.0213266 0.00356941 0.0251179 11177
0.000224492 0.0215415 0.00360311 0.0253691 11191.6
0.000227194 0.0217572 0.00363693 0.0256213 11206.1
0.000229912 0.0219735 0.00367087 0.0258743 11220.5
0.000232646 0.0221906 0.00370492 0.0261282 11234.9
0.000235394 0.0224085 0.00373908 0.026383 11249.2
0.000238158 0.022627 0.00377336 0.0266385 11263.5
0.000240938 0.0228463 0.00380775 0.0268949 11277.8
0.000243732 0.0230662 0.00384224 0.0271522 11291.9
0.000246541 0.0232868 0.00387684 0.0274102 11306.1
0.000249364 0.023508 0.00391155 0.0276689 11320.2
0.000252202 0.0237299 0.00394636 0.0279285 11334.2
0.000255055 0.0239524 0.00398127 0.0281888 11348.2
0.000257922 0.0241756 0.00401627 0.0284498 11362.2
0.000260803 0.0243994 0.00405138 0.0287115 11376.1
0.000263698 0.0246237 0.00408658 0.028974 11389.9
0.000266606 0.0248487 0.00412188 0.0292372 11403.7
0.000269529 0.0250742 0.00415727 0.029501 11417.5
0.000272465 0.0253003 0.00419275 0.0297655 11431.2
0.000275415 0.0255269 0.00422832 0.0300307 11444.8
0.000278377 0.0257541 0.00426397 0.0302965 11458.4
0.000281353 0.0259819 0.00429972 0.0305629 11472
0.000284343 0.0262101 0.00433555 0.03083 11485.5
0.000287345 0.0264389 0.00437146 0.0310977 11498.9
0.00029036 0.0266682 0.00440746 0.031366 11512.4
0.000293387 0.0268979 0.00444354 0.0316348 11525.7
0.000296427 0.0271282 0.0044797 0.0319043 11539
0.00029948 0.0273589 0.00451594 0.0321743 11552.3
0.000302545 0.0275901 0.00455225 0.0324449 11565.5
0.000305622 0.0278217 0.00458864 0.032716 11578.7
0.000308711 0.0280538 0.00462511 0.0329876 11591.8
0.000311812 0.0282864 0.00466165 0.0332598 11604.9
0.000314925 0.0285193 0.00469826 0.0335325 11617.9
0.00031805 0.0287527 0.00473494 0.0338057 11630.9
0.000321186 0.0289865 0.0047717 0.0340794 11643.9
0.000324334 0.0292207 0.00480852 0.0343536 11656.8
0.000327493 0.0294553 0.00484541 0.0346282 11669.6
0.000330663 0.0296903 0.00488236 0.0349033 11682.4
0.000333845 0.0299257 0.00491939 0.0351789 11695.2
0.000337037 0.0301614 0.00495647 0.0354549 11707.9
0.000340241 0.0303975 0.00499362 0.0357314 11720.5
0.000343455 0.030634 0.00503083 0.0360083 11733.2
0.00034668 0.0308708 0.00506811 0.0362856 11745.8
0.000349915 0.0311079 0.00510544 0.0365633 11758.3
0.000353162 0.0313454 0.00514284 0.0368414 11770.8
0.000356418 0.0315832 0.00518029 0.0371199 11783.2
0.000359685 0.0318214 0.0052178 0.0373988 11795.6
0.000362962 0.0320598 0.00525536 0.0376781 11808
0.000366249 0.0322986 0.00529298 0.0379578 11820.3
0.000369546 0.0325376 0.00533066 0.0382378 11832.6
0.000372853 0.032777 0.00536839 0.0385182 11844.8
0.00037617 0.0330166 0.00540617 0.038799 11857
0.000379496 0.0332566 0.00544401 0.0390801 11869.2
0.000382832 0.0334968 0.0054819 0.0393615 11881.3
0.000386178 0.0337372 0.00551983 0.0396432 11893.3
0.000389533 0.033978 0.00555782 0.0399253 11905.3
0.000392897 0.0342189 0.00559586 0.0402077 11917.3
0.00039627 0.0344602 0.00563394 0.0404904 11929.3
0.000399653 0.0347017 0.00567207 0.0407734 11941.2
0.000403045 0.0349434 0.00571025 0.0410567 11953
0.000406445 0.0351854 0.00574847 0.0413403 11964.9
0.000409854 0.0354276 0.00578674 0.0416242 11976.6
0.000413273 0.03567 0.00582506 0.0419083 11988.4
0.0004167 0.0359126 0.00586341 0.0421927 12000.1
0.000420135 0.0361554 0.00590181 0.0424774 12011.7
0.000423579 0.0363985 0.00594025 0.0427623 12023.4
0.000427031 0.0366418 0.00597874 0.0430475 12035
0.000430492 0.0368852 0.00601726 0.043333 12046.5
0.000433961 0.0371289 0.00605583 0.0436187 12058
0.000437438 0.0373727 0.00609443 0.0439046 12069.5
0.000440923 0.0376167 0.00613308 0.0441907 12080.9
0.000444417 0.0378609 0.00617176 0.0444771 12092.3
0.000447918 0.0381053 0.00621048 0.0447637 12103.7
0.000451427 0.0383498 0.00624924 0.0450505 12115
0.000454944 0.0385946 0.00628803 0.0453375 12126.3
0.000458468 0.0388394 0.00632686 0.0456248 12137.5
0.000462 0.0390845 0.00636573 0.0459122 12148.8
0.00046554 0.0393296 0.00640463 0.0461998 12159.9
0.000469087 0.039575 0.00644356 0.0464876 12171.1
0.000472641 0.0398204 0.00648253 0.0467756 12182.2
0.000476203 0.0400661 0.00652153 0.0470638 12193.3
0.000479772 0.0403118 0.00656057 0.0473521 12204.3
0.000483348 0.0405577 0.00659964 0.0476407 12215.3
0.000486932 0.0408037 0.00663873 0.0479294 12226.3
0.000490522 0.0410498 0.00667786 0.0482182 12237.2
0.000494119 0.0412961 0.00671703 0.0485073 12248.1
0.000497723 0.0415425 0.00675622 0.0487964 12259
0.000501334 0.041789 0.00679544 0.0490858 12269.8
0.000504952 0.0420356 0.00683469 0.0493752 12280.6
0.000508576 0.0422823 0.00687397 0.0496648 12291.4
0.000512207 0.0425291 0.00691328 0.0499546 12302.1
0.000515845 0.042776 0.00695262 0.0502445 12312.8
0.000519489 0.043023 0.00699198 0.0505345 12323.5
0.000523139 0.0432701 0.00703137 0.0508246 12334.1
0.000526796 0.0435173 0.00707079 0.0511149 12344.7
0.000530459 0.0437646 0.00711023 0.0514053 12355.3
0.000534128 0.044012 0.0071497 0.0516958 12365.9
0 0 0 0 62450.4
0.000541485 0.0445069 0.00722872 0.0522771 12386.9
0.000545173 0.0447545 0.00726827 0.052568 12397.3
0.000548866 0.0450022 0.00730784 0.0528589 12407.7
0.000552565 0.0452499 0.00734743 0.0531499 12418.1
0.00055627 0.0454978 0.00738705 0.0534411 12428.5
