TITLE = " Dissociation Mass Fractions"
Variables = " N2", "O2", "NO", "N", "O", "Ar", "T"
Zone T= "Temperature", I=1000, F=POINT
0.773299 0.207487 1.91427e-08 0 6.63363e-314 0.0192136 598.148
0.773299 0.207487 9.85907e-08 0 2.02092e-262 0.0192136 656.751
0.773299 0.207487 3.79972e-07 0 1.22467e-213 0.0192136 714.353
0.773298 0.207487 1.17651e-06 0 7.60247e-169 0.0192136 770.998
0.773297 0.207486 3.0764e-06 0 2.1122e-117 0.0192136 826.746
0.773295 0.207484 7.04207e-06 0 3.60269e-71 0.0192136 881.664
0.773292 0.20748 1.44898e-05 0 1.03161e-39 0.0192136 935.82
0.773285 0.207474 2.73376e-05 0 1.52017e-15 0.0192136 989.277
0.773275 0.207463 4.80161e-05 2.95297e-308 6.34667e-10 0.0192136 1042.09
0.773259 0.207448 7.94443e-05 6.32243e-257 2.49369e-09 0.0192136 1094.31
0.773237 0.207425 0.000124975 3.06116e-212 8.53967e-09 0.0192136 1145.98
0.773205 0.207393 0.000188318 9.95141e-181 2.60092e-08 0.0192136 1197.13
0.773162 0.207351 0.000273445 4.83449e-146 7.16147e-08 0.0192136 1247.8
0.773107 0.207295 0.000384495 7.19235e-122 1.80665e-07 0.0192136 1298
0.773036 0.207224 0.000525665 3.64941e-101 4.22225e-07 0.0192136 1347.76
0.772948 0.207136 0.000701118 1.6574e-83 9.2259e-07 0.0192136 1397.09
0.772841 0.207029 0.000914887 1.76067e-68 1.89946e-06 0.0192136 1446.01
0.772712 0.2069 0.00117079 1.00074e-55 3.70902e-06 0.0192136 1494.53
0.77256 0.206747 0.00147237 5.0809e-45 6.90742e-06 0.0192136 1542.64
0.772383 0.206569 0.00182279 4.70099e-36 1.23277e-05 0.0192135 1590.35
0.772178 0.206362 0.00222482 1.04422e-28 2.1171e-05 0.0192134 1637.67
0.771945 0.206126 0.00268072 3.47461e-24 3.51108e-05 0.0192133 1684.57
0.771681 0.205857 0.00319224 4.36938e-19 5.64041e-05 0.0192131 1731.06
0.771385 0.205554 0.00376054 3.872e-15 8.80057e-05 0.0192128 1777.12
0.771054 0.205214 0.0043861 1.44666e-12 0.000133673 0.0192123 1822.72
0.770688 0.204833 0.00506875 1.99087e-10 0.000198054 0.0192117 1867.83
0.770284 0.20441 0.00580752 4.04127e-10 0.00028674 0.0192109 1912.41
0.769842 0.203942 0.00660069 7.87537e-10 0.000406276 0.0192097 1956.43
0.769358 0.203424 0.00744574 1.47711e-09 0.000564109 0.0192082 1999.83
0.768832 0.202854 0.00833933 2.67255e-09 0.000768473 0.0192062 2042.56
0.768263 0.202228 0.00927739 4.67402e-09 0.0010282 0.0192038 2084.56
0.767648 0.201543 0.0102551 7.91599e-09 0.00135248 0.0192006 2125.77
0.766989 0.200797 0.0112673 1.30049e-08 0.00175052 0.0191968 2166.14
0.766282 0.199986 0.012308 2.07585e-08 0.00223129 0.0191922 2205.6
0.76553 0.199109 0.0133713 3.22423e-08 0.0028031 0.0191867 2244.11
0.76473 0.198165 0.014451 4.8803e-08 0.00347338 0.0191803 2281.64
0.763886 0.197152 0.0155411 7.20909e-08 0.0042484 0.0191728 2318.13
0.762996 0.19607 0.0166358 1.04075e-07 0.00513312 0.0191643 2353.58
0.762063 0.194921 0.0177296 1.47043e-07 0.00613107 0.0191547 2387.97
0.761089 0.193705 0.0188176 2.03595e-07 0.00724439 0.019144 2421.3
0.760075 0.192424 0.0198953 2.76626e-07 0.00847386 0.0191322 2453.58
0.759023 0.19108 0.0209589 3.69296e-07 0.009819 0.0191193 2484.83
0.757935 0.189676 0.0220052 4.85008e-07 0.0112783 0.0191053 2515.07
0.756815 0.188214 0.0230312 6.27371e-07 0.0128492 0.0190902 2544.32
0.755663 0.186698 0.0240349 8.00171e-07 0.0145286 0.019074 2572.63
0.754484 0.185131 0.0250146 1.00734e-06 0.0163126 0.0190569 2600.03
0.753278 0.183517 0.0259687 1.25294e-06 0.0181971 0.0190388 2626.56
0.752048 0.181857 0.0268965 1.54113e-06 0.0201775 0.0190198 2652.25
0.750796 0.180156 0.0277972 1.87616e-06 0.0222491 0.0189999 2677.17
0.749525 0.178416 0.0286705 2.26233e-06 0.0244073 0.0189791 2701.33
0.748235 0.176641 0.0295162 2.70403e-06 0.0266473 0.0189576 2724.78
0.74693 0.174833 0.0303343 3.20571e-06 0.0289644 0.0189353 2747.57
0.74561 0.172995 0.0311249 3.77185e-06 0.031354 0.0189124 2769.72
0.744278 0.171129 0.0318884 4.40701e-06 0.0338116 0.0188888 2791.28
0.742934 0.169239 0.032625 5.1158e-06 0.036333 0.0188645 2812.28
0.74158 0.167325 0.0333353 5.9029e-06 0.0389141 0.0188397 2832.74
0.740218 0.165391 0.0340196 6.77306e-06 0.041551 0.0188144 2852.71
0.738848 0.163438 0.0346786 7.73112e-06 0.04424 0.0187885 2872.21
0.737471 0.161468 0.0353127 8.78201e-06 0.0469774 0.0187622 2891.26
0.736089 0.159483 0.0359224 9.93074e-06 0.04976 0.0187355 2909.9
0.734703 0.157484 0.0365085 1.11825e-05 0.0525845 0.0187084 2928.15
0.733313 0.155474 0.0370714 1.25425e-05 0.0554481 0.0186808 2946.03
0.731921 0.153453 0.0376116 1.40161e-05 0.0583478 0.018653 2963.56
0.730526 0.151423 0.0381297 1.5609e-05 0.061281 0.0186248 2980.76
0.72913 0.149385 0.0386263 1.73269e-05 0.0642451 0.0185963 2997.65
0.727734 0.14734 0.0391019 1.91756e-05 0.0672378 0.0185675 3014.26
0.726337 0.14529 0.039557 2.11613e-05 0.0702569 0.0185385 3030.59
0.724941 0.143234 0.039992 2.32903e-05 0.0733002 0.0185092 3046.66
0.723546 0.141176 0.0404076 2.55693e-05 0.0763657 0.0184798 3062.49
0.722152 0.139114 0.040804 2.8005e-05 0.0794515 0.0184501 3078.1
0.720761 0.137051 0.0411818 3.06045e-05 0.0825559 0.0184202 3093.49
0.719372 0.134986 0.0415414 3.33752e-05 0.0856771 0.0183902 3108.67
0.717986 0.132921 0.0418831 3.63249e-05 0.0888135 0.0183601 3123.67
0.716603 0.130857 0.0422075 3.94616e-05 0.0919637 0.0183298 3138.5
0.715223 0.128794 0.0425148 4.27937e-05 0.0951262 0.0182994 3153.15
0.713848 0.126732 0.0428054 4.63302e-05 0.0982996 0.0182688 3167.66
0.712477 0.124673 0.0430797 5.00802e-05 0.101483 0.0182382 3182.01
0.71111 0.122617 0.0433379 5.40535e-05 0.104674 0.0182075 3196.23
0.709748 0.120564 0.0435805 5.82603e-05 0.107873 0.0181768 3210.32
0.708392 0.118515 0.0438075 6.27114e-05 0.111077 0.0181459 3224.3
0.70704 0.11647 0.0440195 6.7418e-05 0.114287 0.018115 3238.17
0.705695 0.114431 0.0442166 7.23921e-05 0.117501 0.0180841 3251.93
0.704355 0.112397 0.044399 7.76462e-05 0.120718 0.0180532 3265.61
0.703022 0.110369 0.044567 8.31936e-05 0.123936 0.0180222 3279.2
0.701695 0.108348 0.0447209 8.90484e-05 0.127156 0.0179912 3292.71
0.700374 0.106333 0.0448608 9.52253e-05 0.130377 0.0179602 3306.15
0.69906 0.104325 0.0449869 0.00010174 0.133597 0.0179292 3319.53
0.697754 0.102325 0.0450995 0.000108609 0.136815 0.0178982 3332.85
0.696454 0.100333 0.0451986 0.000115851 0.140031 0.0178673 3346.13
0.695162 0.0983493 0.0452846 0.000123483 0.143245 0.0178363 3359.36
0.693877 0.0963741 0.0453574 0.000131526 0.146454 0.0178054 3372.55
0.6926 0.0944081 0.0454174 0.000140001 0.14966 0.0177745 3385.72
0.691331 0.0924514 0.0454645 0.00014893 0.15286 0.0177437 3398.86
0.690071 0.0905044 0.045499 0.000158337 0.156055 0.0177129 3411.99
0.688818 0.0885676 0.045521 0.000168248 0.159243 0.0176822 3425.1
0.687574 0.0866411 0.0455305 0.00017869 0.162424 0.0176515 3438.21
0.686339 0.0847255 0.0455276 0.000189692 0.165597 0.0176209 3451.33
0.685112 0.082821 0.0455125 0.000201286 0.168762 0.0175904 3464.45
0.683895 0.0809279 0.0454853 0.000213503 0.171919 0.01756 3477.59
0.682687 0.0790466 0.0454459 0.000226381 0.175065 0.0175296 3490.75
0.681488 0.0771775 0.0453945 0.000239956 0.178201 0.0174994 3503.93
0.680298 0.0753208 0.0453311 0.00025427 0.181326 0.0174692 3517.15
0.679119 0.073477 0.0452559 0.000269366 0.18444 0.0174392 3530.42
0.677949 0.0716464 0.0451687 0.000285292 0.187542 0.0174092 3543.72
0.676789 0.0698293 0.0450697 0.000302099 0.19063 0.0173794 3557.08
0.67564 0.0680261 0.0449589 0.000319839 0.193706 0.0173497 3570.5
0.674501 0.0662373 0.0448364 0.000338573 0.196767 0.0173201 3583.99
0.673372 0.0644631 0.044702 0.000358363 0.199813 0.0172906 3597.55
0.672255 0.062704 0.044556 0.000379277 0.202844 0.0172613 3611.2
0.671149 0.0609604 0.0443982 0.000401389 0.205859 0.0172321 3624.93
0.670053 0.0592327 0.0442286 0.000424779 0.208857 0.0172031 3638.76
0.66897 0.0575212 0.0440474 0.000449531 0.211838 0.0171742 3652.69
0.667898 0.0558266 0.0438544 0.00047574 0.2148 0.0171455 3666.73
0.666837 0.0541492 0.0436497 0.000503506 0.217743 0.017117 3680.89
0.665789 0.0524895 0.0434333 0.000532939 0.220666 0.0170886 3695.18
0.664753 0.0508479 0.0432051 0.000564156 0.223569 0.0170604 3709.61
0.66373 0.049225 0.0429651 0.000597287 0.22645 0.0170324 3724.18
0.662719 0.0476213 0.0427134 0.000632471 0.229309 0.0170046 3738.9
0.661722 0.0460374 0.04245 0.000669862 0.232144 0.016977 3753.79
0.660737 0.0444738 0.0421748 0.000709623 0.234955 0.0169496 3768.84
0.659766 0.042931 0.0418878 0.000751936 0.237741 0.0169225 3784.08
0.658809 0.0414098 0.0415891 0.000796997 0.2405 0.0168955 3799.51
0.657865 0.0399106 0.0412786 0.000845019 0.243232 0.0168688 3815.15
0.656935 0.0384342 0.0409564 0.000896236 0.245936 0.0168424 3830.99
0.65602 0.0369812 0.0406225 0.000950902 0.248609 0.0168161 3847.06
0.655119 0.0355522 0.040277 0.0010093 0.251252 0.0167902 3863.36
0.654233 0.0341481 0.03992 0.00107172 0.253863 0.0167645 3879.9
0.653361 0.0327695 0.0395515 0.0011385 0.25644 0.0167391 3896.7
0.652505 0.0314172 0.0391716 0.00121 0.258982 0.016714 3913.76
0.651664 0.0300918 0.0387806 0.0012866 0.261488 0.0166892 3931.1
0.650838 0.0287943 0.0383784 0.00136875 0.263956 0.0166647 3948.72
0.650027 0.0275253 0.0379655 0.0014569 0.266385 0.0166405 3966.64
0.649232 0.0262857 0.0375419 0.00155155 0.268773 0.0166167 3984.87
0.648452 0.0250762 0.037108 0.00165325 0.271118 0.0165932 4003.41
0.647687 0.0238976 0.0366641 0.00176261 0.273419 0.01657 4022.28
0.646937 0.0227507 0.0362106 0.00188024 0.275674 0.0165472 4041.48
0.646203 0.0216362 0.0357478 0.00200686 0.277881 0.0165248 4061.03
0.645483 0.0205548 0.0352764 0.0021432 0.280039 0.0165028 4080.91
0.644778 0.0195073 0.0347969 0.00229006 0.282146 0.0164811 4101.15
0.644087 0.0184943 0.0343098 0.00244828 0.2842 0.0164598 4121.75
0.64341 0.0175162 0.0338158 0.00261879 0.2862 0.016439 4142.69
0.642746 0.0165737 0.0333157 0.00280252 0.288144 0.0164186 4164
0.642093 0.0156672 0.0328103 0.00300049 0.29003 0.0163985 4185.65
0.641453 0.0147969 0.0323005 0.00321376 0.291857 0.0163789 4207.65
0.640823 0.0139631 0.0317871 0.00344341 0.293624 0.0163598 4229.98
0.640202 0.0131659 0.0312712 0.00369058 0.295329 0.016341 4252.64
0.63959 0.0124052 0.0307538 0.00395642 0.296972 0.0163227 4275.61
0.638985 0.0116809 0.030236 0.00424211 0.298551 0.0163047 4298.87
0.638386 0.0109927 0.0297187 0.0045488 0.300067 0.0162872 4322.41
0.637791 0.0103402 0.0292032 0.00487768 0.301518 0.0162701 4346.2
0.637199 0.00972268 0.0286905 0.00522988 0.302905 0.0162534 4370.22
0.636608 0.00913953 0.0281816 0.0056065 0.304227 0.0162371 4394.44
0.636016 0.00858986 0.0276776 0.0060086 0.305486 0.0162212 4418.82
0.635423 0.00807271 0.0271795 0.00643718 0.306681 0.0162055 4443.34
0.634827 0.007587 0.0266882 0.00689313 0.307814 0.0161903 4467.97
0.634225 0.00713154 0.0262046 0.00737729 0.308886 0.0161753 4492.66
0.633616 0.0067051 0.0257295 0.00789036 0.309898 0.0161607 4517.4
0.633 0.00630636 0.0252635 0.00843296 0.310851 0.0161463 4542.14
0.632373 0.00593396 0.0248073 0.00900558 0.311747 0.0161322 4566.84
0.631736 0.00558653 0.0243613 0.00960861 0.312588 0.0161183 4591.49
0.631087 0.00526268 0.0239261 0.0102423 0.313376 0.0161047 4616.05
0.630426 0.00496102 0.0235018 0.0109068 0.314113 0.0160912 4640.48
0.62975 0.0046802 0.0230888 0.0116021 0.3148 0.0160779 4664.76
0.629059 0.00441887 0.0226872 0.0123282 0.315441 0.0160648 4688.88
0.628353 0.00417576 0.022297 0.0130848 0.316037 0.0160518 4712.79
0.627631 0.0039496 0.0219183 0.0138717 0.31659 0.0160389 4736.5
0.626892 0.00373923 0.0215511 0.0146885 0.317102 0.0160262 4759.96
0.626136 0.0035435 0.0211951 0.0155348 0.317575 0.0160135 4783.18
0.625364 0.00336135 0.0208502 0.01641 0.318012 0.0160009 4806.14
0.624574 0.00319178 0.0205163 0.0173136 0.318414 0.0159883 4828.82
0.623767 0.00303384 0.020193 0.018245 0.318783 0.0159758 4851.21
0.622943 0.00288667 0.0198801 0.0192035 0.319121 0.0159634 4873.32
0.622101 0.00274943 0.0195774 0.0201885 0.31943 0.0159509 4895.13
0.621243 0.00262137 0.0192845 0.0211991 0.319711 0.0159385 4916.64
0.620368 0.00250179 0.0190011 0.0222347 0.319966 0.0159261 4937.85
0.619476 0.00239004 0.0187269 0.0232944 0.320195 0.0159137 4958.75
0.618568 0.00228552 0.0184616 0.0243777 0.320402 0.0159013 4979.35
0.617645 0.00218768 0.0182048 0.0254836 0.320587 0.0158889 4999.64
0.616706 0.00209601 0.0179562 0.0266115 0.32075 0.0158765 5019.63
0.615751 0.00201004 0.0177156 0.0277606 0.320894 0.0158641 5039.32
0.614782 0.00192935 0.0174825 0.0289302 0.32102 0.0158517 5058.72
0.613799 0.00185353 0.0172568 0.0301194 0.321128 0.0158392 5077.82
0.612801 0.00178224 0.0170381 0.0313277 0.321219 0.0158267 5096.64
0.61179 0.00171512 0.016826 0.0325543 0.321295 0.0158142 5115.17
0.610766 0.00165189 0.0166204 0.0337985 0.321356 0.0158016 5133.42
0.609729 0.00159226 0.016421 0.0350597 0.321403 0.0157891 5151.4
0.60868 0.00153597 0.0162275 0.0363371 0.321437 0.0157765 5169.11
0.607619 0.00148278 0.0160397 0.0376303 0.321458 0.0157638 5186.55
0.606546 0.00143248 0.0158573 0.0389385 0.321467 0.0157512 5203.74
0.605463 0.00138487 0.0156801 0.0402612 0.321466 0.0157385 5220.67
0.604368 0.00133976 0.0155079 0.0415978 0.321453 0.0157257 5237.36
0.603264 0.00129699 0.0153405 0.0429477 0.32143 0.015713 5253.81
0.602149 0.0012564 0.0151777 0.0443105 0.321398 0.0157002 5270.02
0.601025 0.00121784 0.0150192 0.0456855 0.321356 0.0156874 5286
0.599891 0.00118118 0.014865 0.0470724 0.321306 0.0156745 5301.76
0.598749 0.0011463 0.0147149 0.0484706 0.321248 0.0156616 5317.3
0.597598 0.00111309 0.0145686 0.0498797 0.321182 0.0156487 5332.62
0.596439 0.00108144 0.0144261 0.0512992 0.321108 0.0156358 5347.74
0.595272 0.00105125 0.0142871 0.0527286 0.321027 0.0156228 5362.65
0.594097 0.00102244 0.0141516 0.0541677 0.320939 0.0156098 5377.37
0.592915 0.000994926 0.0140194 0.0556159 0.320845 0.0155968 5391.89
0.591727 0.000968624 0.0138903 0.0570729 0.320745 0.0155838 5406.22
0.590531 0.000943466 0.0137643 0.0585384 0.320639 0.0155707 5420.37
0.589329 0.000919385 0.0136413 0.0600119 0.320527 0.0155576 5434.34
0.58812 0.00089632 0.0135211 0.0614931 0.32041 0.0155445 5448.14
0.586906 0.000874213 0.0134036 0.0629818 0.320288 0.0155314 5461.76
0.585686 0.00085301 0.0132887 0.0644775 0.320161 0.0155182 5475.22
0.584461 0.000832662 0.0131763 0.0659801 0.320029 0.015505 5488.52
0.58323 0.000813123 0.0130664 0.0674891 0.319893 0.0154918 5501.66
0.581994 0.000794348 0.0129589 0.0690043 0.319752 0.0154786 5514.64
0.580754 0.000776298 0.0128536 0.0705255 0.319608 0.0154654 5527.48
0.579509 0.000758933 0.0127504 0.0720523 0.319459 0.0154521 5540.17
0.578259 0.00074222 0.0126494 0.0735846 0.319307 0.0154389 5552.71
0.577005 0.000726124 0.0125504 0.075122 0.319151 0.0154256 5565.12
0.575747 0.000710615 0.0124534 0.0766644 0.318991 0.0154123 5577.38
0.574486 0.000695663 0.0123583 0.0782115 0.318829 0.015399 5589.52
0.57322 0.00068124 0.012265 0.0797631 0.318663 0.0153856 5601.53
0.571951 0.000667322 0.0121735 0.0813191 0.318494 0.0153723 5613.4
0.570679 0.000653884 0.0120838 0.0828791 0.318322 0.015359 5625.16
0.569403 0.000640903 0.0119956 0.084443 0.318147 0.0153456 5636.79
0.568125 0.000628357 0.0119091 0.0860106 0.31797 0.0153322 5648.31
0.566843 0.000616227 0.0118242 0.0875817 0.31779 0.0153189 5659.71
0.565559 0.000604494 0.0117407 0.0891562 0.317608 0.0153055 5671
0.564272 0.000593139 0.0116588 0.0907339 0.317423 0.0152921 5682.17
0.562983 0.000582147 0.0115782 0.0923146 0.317236 0.0152787 5693.24
0.561691 0.000571499 0.011499 0.0938982 0.317046 0.0152653 5704.21
0.560397 0.000561183 0.0114212 0.0954845 0.316855 0.0152518 5715.07
0.559101 0.000551183 0.0113446 0.0970734 0.316661 0.0152384 5725.83
0.557802 0.000541486 0.0112693 0.0986647 0.316466 0.015225 5736.49
0.556502 0.000532079 0.0111952 0.100258 0.316268 0.0152116 5747.05
0.5552 0.00052295 0.0111223 0.101854 0.316069 0.0151981 5757.52
0.553897 0.000514088 0.0110506 0.103452 0.315868 0.0151847 5767.9
0.552591 0.000505482 0.0109799 0.105051 0.315666 0.0151713 5778.19
0.551285 0.000497121 0.0109104 0.106653 0.315461 0.0151578 5788.39
0.549976 0.000488995 0.0108419 0.108256 0.315256 0.0151444 5798.5
0.548667 0.000481096 0.0107744 0.109861 0.315048 0.0151309 5808.53
0.547356 0.000473415 0.010708 0.111467 0.31484 0.0151175 5818.47
0.546044 0.000465942 0.0106425 0.113074 0.31463 0.0151041 5828.34
0.544731 0.000458671 0.010578 0.114683 0.314418 0.0150906 5838.12
0.543417 0.000451594 0.0105143 0.116293 0.314205 0.0150772 5847.83
0.542102 0.000444702 0.0104516 0.117904 0.313991 0.0150637 5857.46
0.540787 0.00043799 0.0103898 0.119515 0.313776 0.0150503 5867.01
0.53947 0.000431451 0.0103288 0.121128 0.31356 0.0150369 5876.49
0.538153 0.000425079 0.0102687 0.122742 0.313342 0.0150234 5885.9
0.536835 0.000418867 0.0102093 0.124356 0.313124 0.01501 5895.24
0.535517 0.00041281 0.0101508 0.125971 0.312904 0.0149966 5904.51
0.534198 0.000406902 0.010093 0.127586 0.312684 0.0149832 5913.71
0.532879 0.000401138 0.010036 0.129202 0.312462 0.0149698 5922.84
0.531559 0.000395514 0.00997967 0.130818 0.31224 0.0149563 5931.91
0.530239 0.000390024 0.0099241 0.132434 0.312017 0.0149429 5940.92
0.528919 0.000384665 0.00986923 0.134051 0.311793 0.0149295 5949.86
0.527599 0.00037943 0.00981504 0.135668 0.311568 0.0149161 5958.74
0.526278 0.000374318 0.00976152 0.137285 0.311342 0.0149028 5967.56
0.524957 0.000369322 0.00970865 0.138902 0.311116 0.0148894 5976.32
0.523637 0.00036444 0.00965642 0.140519 0.310889 0.014876 5985.02
0.522316 0.000359669 0.00960481 0.142136 0.310661 0.0148626 5993.66
0.520996 0.000355003 0.00955381 0.143753 0.310432 0.0148493 6002.25
0.519675 0.000350441 0.00950341 0.14537 0.310203 0.0148359 6010.78
0.518355 0.000345978 0.00945359 0.146986 0.309974 0.0148226 6019.26
0.517035 0.000341612 0.00940435 0.148602 0.309743 0.0148092 6027.69
0.515715 0.00033734 0.00935566 0.150218 0.309512 0.0147959 6036.06
0.514395 0.000333159 0.00930751 0.151834 0.309281 0.0147826 6044.38
0.513076 0.000329065 0.00925991 0.153448 0.309049 0.0147693 6052.65
0.511757 0.000325058 0.00921282 0.155063 0.308816 0.014756 6060.87
0.510438 0.000321133 0.00916625 0.156677 0.308584 0.0147427 6069.04
0.50912 0.000317288 0.00912018 0.15829 0.30835 0.0147294 6077.17
0.507802 0.000313522 0.0090746 0.159903 0.308116 0.0147161 6085.24
0.506485 0.000309831 0.0090295 0.161515 0.307882 0.0147029 6093.27
0.505169 0.000306215 0.00898488 0.163126 0.307648 0.0146896 6101.26
0.503853 0.000302669 0.00894071 0.164737 0.307413 0.0146764 6109.2
0.502537 0.000299194 0.008897 0.166346 0.307177 0.0146632 6117.09
0.501222 0.000295785 0.00885374 0.167955 0.306942 0.0146499 6124.94
0.499908 0.000292443 0.00881091 0.169563 0.306706 0.0146367 6132.75
0.498595 0.000289164 0.00876851 0.17117 0.306469 0.0146235 6140.52
0.497282 0.000285948 0.00872652 0.172777 0.306233 0.0146104 6148.24
0.49597 0.000282792 0.00868495 0.174382 0.305996 0.0145972 6155.93
0.494659 0.000279695 0.00864378 0.175986 0.305759 0.014584 6163.57
0.493349 0.000276655 0.00860301 0.177589 0.305521 0.0145709 6171.18
0.492039 0.000273671 0.00856263 0.179191 0.305283 0.0145577 6178.74
0.49073 0.000270741 0.00852263 0.180792 0.305046 0.0145446 6186.27
0.489423 0.000267864 0.008483 0.182392 0.304808 0.0145315 6193.76
0.488116 0.000265038 0.00844374 0.183991 0.304569 0.0145184 6201.22
0.48681 0.000262263 0.00840484 0.185589 0.304331 0.0145053 6208.63
0.485505 0.000259536 0.0083663 0.187185 0.304092 0.0144922 6216.02
0.484201 0.000256857 0.0083281 0.18878 0.303853 0.0144792 6223.36
0.482898 0.000254225 0.00829025 0.190374 0.303614 0.0144661 6230.67
0.481595 0.000251638 0.00825273 0.191966 0.303375 0.0144531 6237.95
0.480294 0.000249095 0.00821554 0.193558 0.303136 0.0144401 6245.19
0.478995 0.000246595 0.00817868 0.195148 0.302897 0.0144271 6252.4
0.477696 0.000244137 0.00814214 0.196736 0.302657 0.0144141 6259.58
0.476398 0.00024172 0.00810591 0.198323 0.302418 0.0144011 6266.72
0.475101 0.000239343 0.00806999 0.199909 0.302178 0.0143881 6273.84
0.473806 0.000237005 0.00803437 0.201493 0.301939 0.0143752 6280.92
0.472511 0.000234706 0.00799905 0.203076 0.301699 0.0143623 6287.97
0.471218 0.000232443 0.00796403 0.204658 0.301459 0.0143493 6294.99
0.469926 0.000230217 0.00792929 0.206238 0.301219 0.0143364 6301.98
0.468635 0.000228027 0.00789484 0.207816 0.300979 0.0143235 6308.94
0.467345 0.000225871 0.00786067 0.209393 0.300739 0.0143107 6315.87
0.466057 0.000223749 0.00782677 0.210969 0.300499 0.0142978 6322.78
0.46477 0.00022166 0.00779314 0.212542 0.300259 0.0142849 6329.65
0.463484 0.000219604 0.00775978 0.214115 0.300019 0.0142721 6336.5
0.462199 0.000217579 0.00772668 0.215685 0.299779 0.0142593 6343.32
0.460916 0.000215585 0.00769384 0.217254 0.299539 0.0142465 6350.11
0.459633 0.000213622 0.00766125 0.218822 0.299299 0.0142337 6356.88
0.458353 0.000211688 0.00762891 0.220388 0.299059 0.0142209 6363.62
0.457073 0.000209783 0.00759682 0.221952 0.29882 0.0142082 6370.33
0.455795 0.000207907 0.00756498 0.223514 0.29858 0.0141954 6377.02
0.454518 0.000206058 0.00753337 0.225075 0.29834 0.0141827 6383.68
0.453243 0.000204236 0.00750199 0.226634 0.2981 0.01417 6390.32
0.451969 0.000202441 0.00747085 0.228192 0.29786 0.0141573 6396.93
0.450696 0.000200672 0.00743994 0.229747 0.29762 0.0141446 6403.52
0.449425 0.000198928 0.00740925 0.231301 0.297381 0.0141319 6410.09
0.448155 0.00019721 0.00737878 0.232853 0.297141 0.0141193 6416.63
0.446886 0.000195515 0.00734854 0.234404 0.296902 0.0141067 6423.15
0.445619 0.000193845 0.00731851 0.235952 0.296662 0.014094 6429.64
0.444353 0.000192198 0.00728869 0.237499 0.296423 0.0140814 6436.11
0.443089 0.000190574 0.00725908 0.239044 0.296184 0.0140689 6442.56
0.441826 0.000188972 0.00722967 0.240588 0.295945 0.0140563 6448.99
0.440565 0.000187393 0.00720047 0.242129 0.295706 0.0140437 6455.4
0.439305 0.000185835 0.00717147 0.243669 0.295467 0.0140312 6461.79
0.438047 0.000184298 0.00714267 0.245207 0.295228 0.0140187 6468.15
0.43679 0.000182782 0.00711407 0.246743 0.294989 0.0140062 6474.49
0.435534 0.000181286 0.00708565 0.248277 0.294751 0.0139937 6480.82
0.43428 0.00017981 0.00705743 0.249809 0.294512 0.0139812 6487.12
0.433028 0.000178354 0.00702939 0.251339 0.294274 0.0139688 6493.4
0.431777 0.000176917 0.00700154 0.252868 0.294036 0.0139563 6499.67
0.430527 0.000175499 0.00697387 0.254394 0.293798 0.0139439 6505.91
0.429279 0.000174099 0.00694638 0.255919 0.29356 0.0139315 6512.13
0.428033 0.000172717 0.00691907 0.257442 0.293322 0.0139191 6518.34
0.426788 0.000171353 0.00689194 0.258963 0.293084 0.0139067 6524.52
0.425545 0.000170006 0.00686497 0.260482 0.292847 0.0138944 6530.69
0.424303 0.000168677 0.00683818 0.261999 0.292609 0.013882 6536.84
0.423063 0.000167364 0.00681156 0.263514 0.292372 0.0138697 6542.97
0.421824 0.000166068 0.0067851 0.265027 0.292135 0.0138574 6549.09
0.420587 0.000164788 0.00675881 0.266539 0.291898 0.0138451 6555.18
0.419351 0.000163524 0.00673268 0.268048 0.291662 0.0138329 6561.26
0.418117 0.000162275 0.00670671 0.269555 0.291425 0.0138206 6567.33
0.416885 0.000161042 0.00668089 0.271061 0.291189 0.0138084 6573.37
0.415654 0.000159824 0.00665524 0.272564 0.290953 0.0137961 6579.4
0.414425 0.00015862 0.00662974 0.274065 0.290717 0.0137839 6585.41
0.413197 0.000157431 0.00660439 0.275565 0.290481 0.0137717 6591.41
0.411971 0.000156256 0.00657919 0.277062 0.290245 0.0137596 6597.39
0.410747 0.000155096 0.00655414 0.278558 0.29001 0.0137474 6603.35
0.409524 0.000153949 0.00652923 0.280051 0.289775 0.0137353 6609.3
0.408303 0.000152815 0.00650447 0.281543 0.28954 0.0137232 6615.23
0.407083 0.000151695 0.00647986 0.283032 0.289305 0.0137111 6621.15
0.405865 0.000150588 0.00645539 0.28452 0.28907 0.013699 6627.05
0.404649 0.000149494 0.00643105 0.286005 0.288836 0.0136869 6632.94
0.403434 0.000148412 0.00640686 0.287489 0.288601 0.0136749 6638.82
0.402221 0.000147343 0.0063828 0.28897 0.288367 0.0136628 6644.67
0.401009 0.000146286 0.00635888 0.290449 0.288134 0.0136508 6650.52
0.3998 0.000145241 0.00633509 0.291927 0.2879 0.0136388 6656.35
0.398591 0.000144208 0.00631143 0.293402 0.287667 0.0136268 6662.17
0.397385 0.000143186 0.0062879 0.294875 0.287433 0.0136149 6667.97
0.39618 0.000142176 0.0062645 0.296347 0.287201 0.0136029 6673.76
0.394977 0.000141177 0.00624123 0.297816 0.286968 0.013591 6679.54
0.393775 0.000140189 0.00621809 0.299283 0.286735 0.0135791 6685.3
0.392575 0.000139212 0.00619506 0.300748 0.286503 0.0135672 6691.05
0.391377 0.000138245 0.00617217 0.302211 0.286271 0.0135553 6696.79
0.39018 0.000137289 0.00614939 0.303672 0.286039 0.0135434 6702.51
0.388985 0.000136344 0.00612674 0.305131 0.285808 0.0135316 6708.22
0.387791 0.000135409 0.0061042 0.306588 0.285576 0.0135197 6713.92
0.3866 0.000134483 0.00608178 0.308043 0.285345 0.0135079 6719.61
0.38541 0.000133568 0.00605948 0.309496 0.285114 0.0134961 6725.28
0.384221 0.000132662 0.0060373 0.310947 0.284883 0.0134844 6730.95
0.383035 0.000131766 0.00601523 0.312395 0.284653 0.0134726 6736.6
0.38185 0.000130879 0.00599327 0.313842 0.284423 0.0134609 6742.24
0.380666 0.000130001 0.00597142 0.315286 0.284193 0.0134491 6747.87
0.379484 0.000129133 0.00594968 0.316729 0.283963 0.0134374 6753.49
0.378304 0.000128274 0.00592806 0.318169 0.283734 0.0134257 6759.09
0.377126 0.000127423 0.00590654 0.319607 0.283504 0.0134141 6764.69
0.375949 0.000126581 0.00588512 0.321043 0.283276 0.0134024 6770.27
0.374774 0.000125748 0.00586382 0.322478 0.283047 0.0133908 6775.84
0.373601 0.000124923 0.00584262 0.32391 0.282818 0.0133791 6781.41
0.372429 0.000124107 0.00582152 0.32534 0.28259 0.0133675 6786.96
0.371259 0.000123298 0.00580052 0.326767 0.282362 0.0133559 6792.5
0.370091 0.000122498 0.00577963 0.328193 0.282134 0.0133444 6798.04
0.368924 0.000121706 0.00575883 0.329617 0.281907 0.0133328 6803.56
0.367759 0.000120921 0.00573814 0.331039 0.28168 0.0133213 6809.07
0.366596 0.000120145 0.00571754 0.332458 0.281453 0.0133098 6814.57
0.365435 0.000119376 0.00569705 0.333876 0.281226 0.0132982 6820.07
0.364275 0.000118614 0.00567664 0.335291 0.281 0.0132868 6825.55
0.363116 0.00011786 0.00565634 0.336704 0.280773 0.0132753 6831.02
0.36196 0.000117113 0.00563613 0.338115 0.280548 0.0132638 6836.49
0.360805 0.000116373 0.00561601 0.339524 0.280322 0.0132524 6841.95
0.359652 0.000115641 0.00559598 0.340931 0.280097 0.013241 6847.39
0.3585 0.000114915 0.00557605 0.342336 0.279871 0.0132296 6852.83
0.357351 0.000114196 0.00555621 0.343739 0.279647 0.0132182 6858.26
0.356203 0.000113484 0.00553646 0.34514 0.279422 0.0132068 6863.68
0.355056 0.000112779 0.00551679 0.346538 0.279198 0.0131955 6869.09
0.353911 0.000112081 0.00549722 0.347935 0.278974 0.0131842 6874.5
0.352768 0.000111389 0.00547773 0.349329 0.27875 0.0131728 6879.89
0.351627 0.000110703 0.00545833 0.350722 0.278526 0.0131616 6885.28
0.350487 0.000110023 0.00543901 0.352112 0.278303 0.0131503 6890.66
0.349349 0.00010935 0.00541978 0.3535 0.27808 0.013139 6896.03
0.348213 0.000108683 0.00540063 0.354886 0.277857 0.0131278 6901.4
0.347078 0.000108023 0.00538157 0.35627 0.277635 0.0131165 6906.75
0.345946 0.000107368 0.00536259 0.357652 0.277413 0.0131053 6912.1
0.344814 0.000106719 0.00534369 0.359032 0.277191 0.0130941 6917.44
0.343685 0.000106076 0.00532487 0.36041 0.276969 0.0130829 6922.78
0.342557 0.000105438 0.00530614 0.361785 0.276748 0.0130718 6928.1
0.341431 0.000104807 0.00528748 0.363159 0.276527 0.0130606 6933.42
0.340306 0.000104181 0.0052689 0.36453 0.276306 0.0130495 6938.74
0.339183 0.00010356 0.0052504 0.365899 0.276085 0.0130384 6944.04
0.338062 0.000102945 0.00523197 0.367267 0.275865 0.0130273 6949.34
0.336943 0.000102335 0.00521363 0.368632 0.275645 0.0130162 6954.63
0.335825 0.000101731 0.00519536 0.369995 0.275426 0.0130052 6959.92
0.334709 0.000101132 0.00517716 0.371356 0.275206 0.0129941 6965.2
0.333595 0.000100538 0.00515904 0.372715 0.274987 0.0129831 6970.47
0.332482 9.99492e-05 0.00514099 0.374072 0.274768 0.0129721 6975.74
0.331371 9.93654e-05 0.00512302 0.375426 0.27455 0.0129611 6981
0.330262 9.87866e-05 0.00510511 0.376779 0.274331 0.0129501 6986.25
0.329154 9.82128e-05 0.00508728 0.378129 0.274113 0.0129392 6991.5
0.328048 9.76438e-05 0.00506952 0.379478 0.273896 0.0129282 6996.74
0.326944 9.70796e-05 0.00505184 0.380824 0.273678 0.0129173 7001.98
0.325841 9.65202e-05 0.00503422 0.382169 0.273461 0.0129064 7007.21
0.32474 9.59654e-05 0.00501667 0.383511 0.273244 0.0128955 7012.43
0.323641 9.54152e-05 0.00499919 0.384851 0.273028 0.0128846 7017.65
0.322543 9.48696e-05 0.00498178 0.386189 0.272811 0.0128738 7022.87
0.321447 9.43286e-05 0.00496443 0.387525 0.272595 0.0128629 7028.08
0.320353 9.37919e-05 0.00494716 0.388859 0.27238 0.0128521 7033.28
0.319261 9.32597e-05 0.00492995 0.390191 0.272164 0.0128413 7038.48
0.31817 9.27318e-05 0.0049128 0.39152 0.271949 0.0128305 7043.67
0.31708 9.22082e-05 0.00489572 0.392848 0.271734 0.0128197 7048.86
0.315993 9.16888e-05 0.00487871 0.394174 0.271519 0.012809 7054.05
0.314907 9.11736e-05 0.00486176 0.395497 0.271305 0.0127982 7059.23
0.313823 9.06626e-05 0.00484487 0.396819 0.271091 0.0127875 7064.4
0.31274 9.01556e-05 0.00482805 0.398138 0.270877 0.0127768 7069.57
0.311659 8.96527e-05 0.00481129 0.399455 0.270664 0.0127661 7074.74
0.31058 8.91538e-05 0.00479459 0.400771 0.270451 0.0127554 7079.9
0.309502 8.86588e-05 0.00477795 0.402084 0.270238 0.0127448 7085.05
0.308426 8.81677e-05 0.00476138 0.403395 0.270025 0.0127341 7090.21
0.307352 8.76804e-05 0.00474486 0.404704 0.269813 0.0127235 7095.35
0.30628 8.7197e-05 0.00472841 0.406011 0.269601 0.0127129 7100.5
0.305209 8.67173e-05 0.00471201 0.407316 0.269389 0.0127023 7105.64
0.304139 8.62413e-05 0.00469567 0.408619 0.269178 0.0126917 7110.78
0.303072 8.5769e-05 0.0046794 0.40992 0.268967 0.0126812 7115.91
0.302006 8.53003e-05 0.00466318 0.411218 0.268756 0.0126706 7121.04
0.300942 8.48352e-05 0.00464701 0.412515 0.268545 0.0126601 7126.16
0.299879 8.43737e-05 0.00463091 0.41381 0.268335 0.0126496 7131.28
0.298818 8.39156e-05 0.00461486 0.415102 0.268125 0.0126391 7136.4
0.297759 8.3461e-05 0.00459887 0.416393 0.267915 0.0126286 7141.52
0.296701 8.30099e-05 0.00458293 0.417681 0.267706 0.0126181 7146.63
0.295645 8.25621e-05 0.00456705 0.418968 0.267497 0.0126077 7151.74
0.29459 8.21177e-05 0.00455122 0.420252 0.267288 0.0125973 7156.84
0.293538 8.16766e-05 0.00453545 0.421535 0.267079 0.0125868 7161.95
0.292486 8.12387e-05 0.00451973 0.422815 0.266871 0.0125765 7167.05
0.291437 8.08041e-05 0.00450407 0.424093 0.266663 0.0125661 7172.14
0.290389 8.03727e-05 0.00448846 0.425369 0.266456 0.0125557 7177.24
0.289343 7.99444e-05 0.0044729 0.426644 0.266248 0.0125454 7182.33
0.288298 7.95193e-05 0.00445739 0.427916 0.266041 0.012535 7187.42
0.287255 7.90973e-05 0.00444194 0.429186 0.265834 0.0125247 7192.5
0.286214 7.86783e-05 0.00442654 0.430454 0.265628 0.0125144 7197.59
0.285174 7.82624e-05 0.00441119 0.43172 0.265421 0.0125041 7202.67
0.284136 7.78495e-05 0.00439588 0.432984 0.265216 0.0124939 7207.75
0.2831 7.74395e-05 0.00438063 0.434246 0.26501 0.0124836 7212.82
0.282065 7.70324e-05 0.00436543 0.435506 0.264805 0.0124734 7217.9
0.281032 7.66282e-05 0.00435028 0.436764 0.264599 0.0124631 7222.97
0.280001 7.62269e-05 0.00433518 0.43802 0.264395 0.0124529 7228.04
0.278971 7.58285e-05 0.00432013 0.439274 0.26419 0.0124428 7233.11
0.277942 7.54328e-05 0.00430512 0.440526 0.263986 0.0124326 7238.18
0.276916 7.50399e-05 0.00429017 0.441776 0.263782 0.0124224 7243.24
0.275891 7.46498e-05 0.00427526 0.443023 0.263578 0.0124123 7248.31
0.274867 7.42623e-05 0.0042604 0.444269 0.263375 0.0124022 7253.37
0.273846 7.38776e-05 0.00424558 0.445513 0.263172 0.012392 7258.43
0.272825 7.34955e-05 0.00423081 0.446755 0.262969 0.012382 7263.49
0.271807 7.3116e-05 0.00421609 0.447995 0.262767 0.0123719 7268.55
0.27079 7.27392e-05 0.00420141 0.449232 0.262565 0.0123618 7273.6
0.269775 7.23649e-05 0.00418678 0.450468 0.262363 0.0123518 7278.66
0.268761 7.19931e-05 0.0041722 0.451702 0.262161 0.0123417 7283.71
0.267749 7.16239e-05 0.00415766 0.452934 0.26196 0.0123317 7288.77
0.266738 7.12572e-05 0.00414316 0.454163 0.261759 0.0123217 7293.82
0.265729 7.08929e-05 0.00412871 0.455391 0.261558 0.0123117 7298.87
0.264722 7.05311e-05 0.0041143 0.456617 0.261358 0.0123018 7303.92
0.263716 7.01717e-05 0.00409994 0.457841 0.261158 0.0122918 7308.97
0.262712 6.98147e-05 0.00408562 0.459062 0.260958 0.0122819 7314.02
0.26171 6.946e-05 0.00407134 0.460282 0.260758 0.012272 7319.07
0.260709 6.91077e-05 0.0040571 0.4615 0.260559 0.0122621 7324.12
0.25971 6.87578e-05 0.00404291 0.462716 0.26036 0.0122522 7329.16
0.258712 6.84101e-05 0.00402876 0.463929 0.260161 0.0122423 7334.21
0.257716 6.80647e-05 0.00401465 0.465141 0.259963 0.0122324 7339.26
0.256721 6.77215e-05 0.00400058 0.466351 0.259765 0.0122226 7344.3
0.255728 6.73806e-05 0.00398655 0.467559 0.259567 0.0122128 7349.35
0.254737 6.70418e-05 0.00397257 0.468765 0.259369 0.012203 7354.4
0.253747 6.67053e-05 0.00395862 0.469969 0.259172 0.0121932 7359.44
0.252759 6.63709e-05 0.00394472 0.47117 0.258975 0.0121834 7364.49
0.251772 6.60386e-05 0.00393085 0.47237 0.258779 0.0121736 7369.54
0.250787 6.57085e-05 0.00391702 0.473568 0.258582 0.0121639 7374.59
0.249804 6.53805e-05 0.00390324 0.474764 0.258386 0.0121541 7379.63
0.248822 6.50545e-05 0.00388949 0.475958 0.25819 0.0121444 7384.68
0.247842 6.47306e-05 0.00387578 0.47715 0.257995 0.0121347 7389.73
0.246863 6.44087e-05 0.00386211 0.47834 0.2578 0.012125 7394.78
0.245886 6.40889e-05 0.00384847 0.479528 0.257605 0.0121154 7399.83
0.244911 6.3771e-05 0.00383488 0.480714 0.25741 0.0121057 7404.88
0.243937 6.34551e-05 0.00382132 0.481899 0.257216 0.0120961 7409.93
0.242964 6.31412e-05 0.0038078 0.483081 0.257021 0.0120864 7414.98
0.241993 6.28292e-05 0.00379432 0.484261 0.256828 0.0120768 7420.03
0.241024 6.25191e-05 0.00378087 0.485439 0.256634 0.0120672 7425.09
0.240056 6.2211e-05 0.00376746 0.486615 0.256441 0.0120576 7430.14
0.23909 6.19047e-05 0.00375409 0.48779 0.256248 0.0120481 7435.2
0.238126 6.16003e-05 0.00374075 0.488962 0.256055 0.0120385 7440.26
0.237163 6.12977e-05 0.00372745 0.490132 0.255863 0.012029 7445.32
0.236201 6.09969e-05 0.00371419 0.491301 0.255671 0.0120195 7450.38
0.235241 6.0698e-05 0.00370096 0.492467 0.255479 0.01201 7455.44
0.234283 6.04008e-05 0.00368776 0.493632 0.255288 0.0120005 7460.5
0.233326 6.01055e-05 0.0036746 0.494795 0.255096 0.011991 7465.57
0.232371 5.98119e-05 0.00366147 0.495955 0.254906 0.0119815 7470.64
0.231417 5.952e-05 0.00364838 0.497114 0.254715 0.0119721 7475.7
0.230465 5.92299e-05 0.00363532 0.498271 0.254525 0.0119626 7480.77
0.229515 5.89414e-05 0.0036223 0.499425 0.254334 0.0119532 7485.85
0.228566 5.86547e-05 0.00360931 0.500578 0.254145 0.0119438 7490.92
0.227618 5.83696e-05 0.00359635 0.501729 0.253955 0.0119344 7496
0.226672 5.80863e-05 0.00358343 0.502878 0.253766 0.0119251 7501.08
0.225728 5.78045e-05 0.00357054 0.504025 0.253577 0.0119157 7506.16
0.224785 5.75244e-05 0.00355768 0.50517 0.253388 0.0119064 7511.24
0.223844 5.72459e-05 0.00354486 0.506314 0.2532 0.011897 7516.33
0.222904 5.6969e-05 0.00353206 0.507455 0.253012 0.0118877 7521.42
0.221966 5.66937e-05 0.0035193 0.508594 0.252824 0.0118784 7526.51
0.221029 5.642e-05 0.00350657 0.509731 0.252637 0.0118691 7531.6
0.220094 5.61478e-05 0.00349387 0.510867 0.252449 0.0118599 7536.7
0.219161 5.58772e-05 0.00348121 0.512 0.252262 0.0118506 7541.8
0.218229 5.56081e-05 0.00346857 0.513132 0.252076 0.0118414 7546.9
0.217298 5.53405e-05 0.00345597 0.514262 0.251889 0.0118322 7552.01
0.216369 5.50744e-05 0.00344339 0.515389 0.251703 0.011823 7557.11
0.215442 5.48098e-05 0.00343085 0.516515 0.251517 0.0118138 7562.23
0.214516 5.45467e-05 0.00341834 0.517639 0.251332 0.0118046 7567.34
0.213591 5.4285e-05 0.00340585 0.518761 0.251147 0.0117954 7572.46
0.212668 5.40248e-05 0.0033934 0.519881 0.250962 0.0117863 7577.58
0.211747 5.3766e-05 0.00338098 0.520999 0.250777 0.0117771 7582.71
0.210827 5.35087e-05 0.00336858 0.522115 0.250593 0.011768 7587.83
0.209909 5.32527e-05 0.00335622 0.52323 0.250408 0.0117589 7592.97
0.208992 5.29982e-05 0.00334388 0.524342 0.250225 0.0117498 7598.1
0.208077 5.2745e-05 0.00333158 0.525452 0.250041 0.0117407 7603.24
0.207163 5.24932e-05 0.0033193 0.526561 0.249858 0.0117317 7608.39
0.206251 5.22428e-05 0.00330705 0.527668 0.249675 0.0117226 7613.53
0.20534 5.19937e-05 0.00329483 0.528772 0.249492 0.0117136 7618.69
0.204431 5.17459e-05 0.00328263 0.529875 0.24931 0.0117046 7623.84
0.203523 5.14995e-05 0.00327047 0.530976 0.249128 0.0116955 7629
0.202617 5.12544e-05 0.00325833 0.532075 0.248946 0.0116866 7634.17
0.201713 5.10106e-05 0.00324622 0.533172 0.248764 0.0116776 7639.34
0.200809 5.07681e-05 0.00323414 0.534267 0.248583 0.0116686 7644.51
0.199908 5.05268e-05 0.00322208 0.53536 0.248402 0.0116597 7649.69
0.199008 5.02868e-05 0.00321005 0.536452 0.248221 0.0116507 7654.87
0.198109 5.00481e-05 0.00319805 0.537541 0.24804 0.0116418 7660.06
0.197212 4.98106e-05 0.00318608 0.538629 0.24786 0.0116329 7665.25
0.196316 4.95744e-05 0.00317413 0.539714 0.24768 0.011624 7670.45
0.195422 4.93394e-05 0.00316221 0.540798 0.247501 0.0116151 7675.66
0.19453 4.91056e-05 0.00315031 0.54188 0.247321 0.0116063 7680.86
0.193639 4.8873e-05 0.00313844 0.542959 0.247142 0.0115974 7686.08
0.192749 4.86415e-05 0.0031266 0.544037 0.246963 0.0115886 7691.3
0.191861 4.84113e-05 0.00311478 0.545114 0.246785 0.0115798 7696.52
0.190974 4.81822e-05 0.00310298 0.546188 0.246607 0.011571 7701.75
0.190089 4.79543e-05 0.00309121 0.54726 0.246429 0.0115622 7706.98
0.189206 4.77276e-05 0.00307947 0.54833 0.246251 0.0115534 7712.23
0.188323 4.7502e-05 0.00306775 0.549399 0.246074 0.0115446 7717.47
0.187443 4.72775e-05 0.00305606 0.550465 0.245896 0.0115359 7722.73
0.186564 4.70541e-05 0.00304439 0.55153 0.24572 0.0115271 7727.98
0.185686 4.68319e-05 0.00303274 0.552593 0.245543 0.0115184 7733.25
0.18481 4.66107e-05 0.00302112 0.553654 0.245367 0.0115097 7738.52
0.183935 4.63907e-05 0.00300953 0.554713 0.245191 0.011501 7743.8
0.183062 4.61717e-05 0.00299795 0.55577 0.245015 0.0114923 7749.08
0.182191 4.59538e-05 0.0029864 0.556825 0.244839 0.0114837 7754.37
0.181321 4.5737e-05 0.00297488 0.557878 0.244664 0.011475 7759.67
0.180452 4.55212e-05 0.00296338 0.55893 0.244489 0.0114664 7764.97
0.179585 4.53065e-05 0.0029519 0.559979 0.244315 0.0114578 7770.28
0.178719 4.50928e-05 0.00294044 0.561027 0.24414 0.0114491 7775.6
0.177855 4.48802e-05 0.00292901 0.562072 0.243966 0.0114405 7780.92
0.176992 4.46686e-05 0.0029176 0.563116 0.243792 0.011432 7786.26
0.176131 4.44579e-05 0.00290621 0.564158 0.243619 0.0114234 7791.59
0.175271 4.42483e-05 0.00289485 0.565198 0.243446 0.0114148 7796.94
0.174413 4.40397e-05 0.0028835 0.566236 0.243273 0.0114063 7802.29
0.173556 4.38321e-05 0.00287218 0.567272 0.2431 0.0113978 7807.66
0.172701 4.36254e-05 0.00286088 0.568307 0.242927 0.0113893 7813.02
0.171847 4.34197e-05 0.00284961 0.569339 0.242755 0.0113808 7818.4
0.170995 4.3215e-05 0.00283835 0.57037 0.242583 0.0113723 7823.79
0.170144 4.30113e-05 0.00282712 0.571398 0.242412 0.0113638 7829.18
0.169295 4.28084e-05 0.00281591 0.572425 0.24224 0.0113553 7834.58
0.168447 4.26066e-05 0.00280472 0.57345 0.242069 0.0113469 7839.99
0.167601 4.24056e-05 0.00279355 0.574472 0.241898 0.0113385 7845.4
0.166756 4.22056e-05 0.0027824 0.575493 0.241728 0.0113301 7850.83
0.165913 4.20065e-05 0.00277127 0.576513 0.241558 0.0113217 7856.26
0.165071 4.18083e-05 0.00276017 0.57753 0.241388 0.0113133 7861.71
0.16423 4.1611e-05 0.00274908 0.578545 0.241218 0.0113049 7867.16
0.163391 4.14146e-05 0.00273801 0.579558 0.241049 0.0112965 7872.62
0.162554 4.12191e-05 0.00272697 0.58057 0.240879 0.0112882 7878.09
0.161718 4.10244e-05 0.00271594 0.581579 0.24071 0.0112798 7883.57
0.160883 4.08307e-05 0.00270494 0.582587 0.240542 0.0112715 7889.05
0.16005 4.06377e-05 0.00269395 0.583593 0.240374 0.0112632 7894.55
0.159219 4.04457e-05 0.00268299 0.584597 0.240205 0.0112549 7900.06
0.158389 4.02545e-05 0.00267204 0.585599 0.240038 0.0112466 7905.57
0.15756 4.00642e-05 0.00266112 0.586599 0.23987 0.0112384 7911.1
0.156733 3.98746e-05 0.00265021 0.587597 0.239703 0.0112301 7916.64
0.155908 3.96859e-05 0.00263932 0.588593 0.239536 0.0112219 7922.18
0.155083 3.94981e-05 0.00262845 0.589587 0.239369 0.0112137 7927.74
0.154261 3.9311e-05 0.0026176 0.59058 0.239203 0.0112054 7933.3
0.15344 3.91248e-05 0.00260677 0.59157 0.239037 0.0111972 7938.88
0.15262 3.89394e-05 0.00259596 0.592558 0.238871 0.0111891 7944.47
0.151802 3.87547e-05 0.00258517 0.593545 0.238705 0.0111809 7950.07
0.150985 3.85709e-05 0.00257439 0.59453 0.23854 0.0111727 7955.67
0.15017 3.83878e-05 0.00256364 0.595513 0.238375 0.0111646 7961.29
0.149356 3.82055e-05 0.0025529 0.596493 0.23821 0.0111565 7966.92
0.148544 3.8024e-05 0.00254218 0.597472 0.238045 0.0111483 7972.57
0.147733 3.78432e-05 0.00253148 0.598449 0.237881 0.0111402 7978.22
0.146924 3.76632e-05 0.00252079 0.599424 0.237717 0.0111321 7983.88
0.146116 3.7484e-05 0.00251013 0.600397 0.237553 0.0111241 7989.56
0.14531 3.73055e-05 0.00249948 0.601369 0.23739 0.011116 7995.25
0.144505 3.71277e-05 0.00248885 0.602338 0.237227 0.0111079 8000.95
0.143702 3.69507e-05 0.00247823 0.603305 0.237064 0.0110999 8006.66
0.1429 3.67744e-05 0.00246764 0.60427 0.236901 0.0110919 8012.39
0.1421 3.65988e-05 0.00245706 0.605234 0.236739 0.0110839 8018.12
0.141301 3.6424e-05 0.00244649 0.606195 0.236577 0.0110759 8023.87
0.140503 3.62498e-05 0.00243595 0.607155 0.236415 0.0110679 8029.63
0.139707 3.60764e-05 0.00242542 0.608112 0.236253 0.0110599 8035.41
0.138913 3.59036e-05 0.00241491 0.609068 0.236092 0.011052 8041.2
0.13812 3.57316e-05 0.00240441 0.610022 0.235931 0.011044 8047
0.137329 3.55602e-05 0.00239393 0.610973 0.23577 0.0110361 8052.81
0.136539 3.53895e-05 0.00238347 0.611923 0.23561 0.0110282 8058.64
0.13575 3.52195e-05 0.00237303 0.612871 0.23545 0.0110203 8064.48
0.134964 3.50502e-05 0.0023626 0.613817 0.23529 0.0110124 8070.34
0.134178 3.48815e-05 0.00235218 0.614761 0.23513 0.0110045 8076.21
0.133394 3.47135e-05 0.00234178 0.615702 0.234971 0.0109966 8082.09
0.132612 3.45462e-05 0.0023314 0.616642 0.234811 0.0109888 8087.99
0.131831 3.43795e-05 0.00232103 0.61758 0.234653 0.010981 8093.9
0.131052 3.42134e-05 0.00231068 0.618516 0.234494 0.0109731 8099.82
0.130274 3.4048e-05 0.00230035 0.61945 0.234336 0.0109653 8105.77
0.129497 3.38832e-05 0.00229003 0.620382 0.234178 0.0109575 8111.72
0.128722 3.3719e-05 0.00227972 0.621312 0.23402 0.0109497 8117.69
0.127949 3.35555e-05 0.00226943 0.62224 0.233862 0.010942 8123.68
0.127177 3.33926e-05 0.00225916 0.623166 0.233705 0.0109342 8129.68
0.126407 3.32303e-05 0.0022489 0.62409 0.233548 0.0109265 8135.7
0.125638 3.30686e-05 0.00223866 0.625012 0.233392 0.0109187 8141.74
0.124871 3.29075e-05 0.00222843 0.625932 0.233235 0.010911 8147.79
0.124105 3.2747e-05 0.00221821 0.62685 0.233079 0.0109033 8153.85
0.123341 3.25872e-05 0.00220801 0.627765 0.232923 0.0108956 8159.93
0.122578 3.24279e-05 0.00219783 0.628679 0.232768 0.010888 8166.03
0.121817 3.22691e-05 0.00218765 0.629591 0.232612 0.0108803 8172.15
0.121057 3.2111e-05 0.0021775 0.630501 0.232457 0.0108726 8178.28
0.120299 3.19534e-05 0.00216735 0.631408 0.232303 0.010865 8184.44
0.119542 3.17965e-05 0.00215723 0.632314 0.232148 0.0108574 8190.6
0.118787 3.164e-05 0.00214711 0.633218 0.231994 0.0108498 8196.79
0.118034 3.14842e-05 0.00213701 0.634119 0.23184 0.0108422 8202.99
0.117282 3.13289e-05 0.00212692 0.635019 0.231686 0.0108346 8209.22
0.116531 3.11741e-05 0.00211685 0.635916 0.231533 0.010827 8215.46
0.115783 3.10199e-05 0.00210679 0.636812 0.23138 0.0108195 8221.71
0.115035 3.08663e-05 0.00209675 0.637705 0.231227 0.0108119 8227.99
0.114289 3.07132e-05 0.00208671 0.638596 0.231074 0.0108044 8234.29
0.113545 3.05606e-05 0.0020767 0.639485 0.230922 0.0107969 8240.6
0.112802 3.04085e-05 0.00206669 0.640372 0.23077 0.0107894 8246.94
0.112061 3.0257e-05 0.0020567 0.641257 0.230618 0.0107819 8253.29
0.111322 3.0106e-05 0.00204672 0.64214 0.230466 0.0107744 8259.67
0.110584 2.99555e-05 0.00203675 0.64302 0.230315 0.0107669 8266.06
0.109847 2.98055e-05 0.0020268 0.643899 0.230164 0.0107595 8272.48
0.109113 2.96561e-05 0.00201686 0.644775 0.230014 0.010752 8278.91
0.108379 2.95071e-05 0.00200693 0.645649 0.229863 0.0107446 8285.37
0.107648 2.93587e-05 0.00199702 0.646521 0.229713 0.0107372 8291.85
0.106917 2.92107e-05 0.00198712 0.647391 0.229563 0.0107298 8298.35
0.106189 2.90633e-05 0.00197723 0.648259 0.229414 0.0107224 8304.87
0.105462 2.89163e-05 0.00196735 0.649125 0.229264 0.010715 8311.41
0.104737 2.87698e-05 0.00195749 0.649988 0.229115 0.0107077 8317.97
0.104013 2.86238e-05 0.00194764 0.650849 0.228966 0.0107003 8324.56
0.103291 2.84783e-05 0.0019378 0.651708 0.228818 0.010693 8331.17
0.10257 2.83333e-05 0.00192797 0.652565 0.22867 0.0106857 8337.8
0.101851 2.81887e-05 0.00191816 0.65342 0.228522 0.0106784 8344.46
0.101134 2.80446e-05 0.00190836 0.654272 0.228374 0.0106711 8351.14
0.100419 2.79009e-05 0.00189857 0.655122 0.228227 0.0106638 8357.84
0.0997045 2.77577e-05 0.00188879 0.65597 0.22808 0.0106565 8364.57
0.0989921 2.7615e-05 0.00187902 0.656816 0.227933 0.0106493 8371.32
0.0982814 2.74727e-05 0.00186927 0.657659 0.227786 0.010642 8378.09
0.0975722 2.73309e-05 0.00185952 0.6585 0.22764 0.0106348 8384.89
0.0968648 2.71895e-05 0.00184979 0.659339 0.227494 0.0106276 8391.72
0.096159 2.70486e-05 0.00184007 0.660176 0.227348 0.0106204 8398.57
0.0954548 2.69081e-05 0.00183037 0.66101 0.227203 0.0106132 8405.45
0.0947523 2.6768e-05 0.00182067 0.661842 0.227058 0.010606 8412.35
0.0940515 2.66284e-05 0.00181099 0.662671 0.226913 0.0105989 8419.28
0.0933524 2.64892e-05 0.00180131 0.663499 0.226768 0.0105917 8426.24
0.0926549 2.63504e-05 0.00179165 0.664323 0.226624 0.0105846 8433.22
0.0919592 2.6212e-05 0.001782 0.665146 0.22648 0.0105775 8440.23
0.0912651 2.6074e-05 0.00177236 0.665966 0.226336 0.0105704 8447.27
0.0905727 2.59365e-05 0.00176274 0.666784 0.226192 0.0105633 8454.33
0.0898821 2.57994e-05 0.00175312 0.667599 0.226049 0.0105562 8461.43
0.0891931 2.56627e-05 0.00174352 0.668412 0.225906 0.0105491 8468.55
0.0885059 2.55264e-05 0.00173392 0.669223 0.225764 0.0105421 8475.7
0.0878204 2.53904e-05 0.00172434 0.670031 0.225621 0.010535 8482.88
0.0871366 2.52549e-05 0.00171477 0.670836 0.225479 0.010528 8490.1
0.0864546 2.51198e-05 0.00170521 0.67164 0.225337 0.010521 8497.34
0.0857744 2.49851e-05 0.00169566 0.67244 0.225196 0.010514 8504.61
0.0850958 2.48508e-05 0.00168612 0.673239 0.225055 0.010507 8511.91
0.0844191 2.47168e-05 0.0016766 0.674034 0.224914 0.0105001 8519.25
0.0837441 2.45832e-05 0.00166708 0.674827 0.224773 0.0104931 8526.61
0.0830709 2.445e-05 0.00165758 0.675618 0.224633 0.0104861 8534.01
0.0823995 2.43172e-05 0.00164808 0.676406 0.224493 0.0104792 8541.44
0.0817299 2.41848e-05 0.0016386 0.677192 0.224353 0.0104723 8548.9
0.0810621 2.40527e-05 0.00162913 0.677974 0.224213 0.0104654 8556.4
0.0803962 2.3921e-05 0.00161966 0.678755 0.224074 0.0104585 8563.93
0.079732 2.37897e-05 0.00161021 0.679532 0.223935 0.0104516 8571.49
0.0790697 2.36587e-05 0.00160077 0.680307 0.223797 0.0104448 8579.09
0.0784092 2.35281e-05 0.00159135 0.68108 0.223658 0.0104379 8586.72
0.0777506 2.33979e-05 0.00158193 0.681849 0.22352 0.0104311 8594.38
0.0770938 2.3268e-05 0.00157252 0.682616 0.223382 0.0104243 8602.09
0.0764389 2.31385e-05 0.00156312 0.683381 0.223245 0.0104175 8609.83
0.0757859 2.30093e-05 0.00155374 0.684142 0.223108 0.0104107 8617.6
0.0751348 2.28804e-05 0.00154436 0.684901 0.222971 0.0104039 8625.41
0.0744856 2.27519e-05 0.001535 0.685657 0.222834 0.0103971 8633.26
0.0738383 2.26238e-05 0.00152565 0.68641 0.222698 0.0103904 8641.15
0.073193 2.24959e-05 0.00151631 0.68716 0.222562 0.0103836 8649.08
0.0725495 2.23685e-05 0.00150698 0.687908 0.222426 0.0103769 8657.04
0.0719081 2.22413e-05 0.00149766 0.688652 0.222291 0.0103702 8665.04
0.0712685 2.21145e-05 0.00148835 0.689394 0.222156 0.0103635 8673.09
0.070631 2.1988e-05 0.00147905 0.690133 0.222021 0.0103568 8681.17
0.0699954 2.18619e-05 0.00146976 0.690869 0.221886 0.0103502 8689.3
0.0693619 2.17361e-05 0.00146049 0.691602 0.221752 0.0103435 8697.46
0.0687303 2.16106e-05 0.00145122 0.692332 0.221618 0.0103369 8705.67
0.0681008 2.14854e-05 0.00144197 0.693059 0.221485 0.0103302 8713.92
0.0674733 2.13606e-05 0.00143273 0.693782 0.221351 0.0103236 8722.21
0.0668479 2.1236e-05 0.00142349 0.694503 0.221218 0.010317 8730.54
0.0662245 2.11118e-05 0.00141428 0.695221 0.221085 0.0103104 8738.92
0.0656032 2.09879e-05 0.00140507 0.695936 0.220953 0.0103039 8747.34
0.064984 2.08643e-05 0.00139587 0.696647 0.220821 0.0102973 8755.81
0.0643669 2.07411e-05 0.00138669 0.697355 0.220689 0.0102908 8764.32
0.0637519 2.06181e-05 0.00137751 0.698061 0.220558 0.0102842 8772.88
0.0631391 2.04954e-05 0.00136835 0.698762 0.220426 0.0102777 8781.49
0.0625284 2.03731e-05 0.0013592 0.699461 0.220295 0.0102712 8790.14
0.0619199 2.0251e-05 0.00135006 0.700156 0.220165 0.0102647 8798.84
0.0613136 2.01293e-05 0.00134094 0.700848 0.220035 0.0102583 8807.58
0.0607095 2.00079e-05 0.00133182 0.701537 0.219905 0.0102518 8816.38
0.0601076 1.98867e-05 0.00132272 0.702222 0.219775 0.0102454 8825.23
0.0595079 1.97659e-05 0.00131363 0.702904 0.219646 0.010239 8834.12
0.0589105 1.96454e-05 0.00130455 0.703583 0.219517 0.0102325 8843.06
0.0583153 1.95251e-05 0.00129549 0.704257 0.219388 0.0102261 8852.06
0.0577225 1.94052e-05 0.00128644 0.704929 0.219259 0.0102198 8861.11
0.0571319 1.92855e-05 0.0012774 0.705597 0.219131 0.0102134 8870.21
0.0565437 1.91662e-05 0.00126837 0.706261 0.219004 0.010207 8879.36
0.0559578 1.90471e-05 0.00125936 0.706921 0.218876 0.0102007 8888.56
0.0553743 1.89284e-05 0.00125036 0.707578 0.218749 0.0101944 8897.82
0.0547931 1.88099e-05 0.00124138 0.708231 0.218622 0.0101881 8907.14
0.0542144 1.86917e-05 0.0012324 0.708881 0.218496 0.0101818 8916.51
0.0536381 1.85738e-05 0.00122345 0.709527 0.218369 0.0101755 8925.93
0.0530642 1.84562e-05 0.0012145 0.710168 0.218244 0.0101692 8935.41
0.0524928 1.83389e-05 0.00120557 0.710806 0.218118 0.010163 8944.95
0.0519239 1.82219e-05 0.00119666 0.71144 0.217993 0.0101567 8954.55
0.0513574 1.81052e-05 0.00118775 0.71207 0.217868 0.0101505 8964.2
0.0507936 1.79888e-05 0.00117887 0.712696 0.217743 0.0101443 8973.92
0.0502322 1.78726e-05 0.00117 0.713318 0.217619 0.0101381 8983.69
0.0496735 1.77568e-05 0.00116114 0.713936 0.217495 0.0101319 8993.52
0.0491173 1.76412e-05 0.0011523 0.71455 0.217371 0.0101258 9003.42
0.0485638 1.75259e-05 0.00114348 0.71516 0.217248 0.0101196 9013.37
0.0480129 1.74109e-05 0.00113467 0.715765 0.217125 0.0101135 9023.39
0.0474647 1.72963e-05 0.00112588 0.716366 0.217003 0.0101074 9033.47
0.0469191 1.71819e-05 0.0011171 0.716963 0.21688 0.0101013 9043.61
0.0463763 1.70677e-05 0.00110834 0.717555 0.216758 0.0100952 9053.82
0.0458362 1.69539e-05 0.0010996 0.718143 0.216637 0.0100891 9064.1
0.0452989 1.68404e-05 0.00109088 0.718727 0.216515 0.010083 9074.43
0.0447644 1.67272e-05 0.00108217 0.719306 0.216395 0.010077 9084.84
0.0442328 1.66143e-05 0.00107348 0.71988 0.216274 0.010071 9095.31
0.0437039 1.65016e-05 0.00106481 0.72045 0.216154 0.0100649 9105.85
0.043178 1.63893e-05 0.00105616 0.721015 0.216034 0.0100589 9116.46
0.0426549 1.62773e-05 0.00104753 0.721575 0.215914 0.010053 9127.13
0.0421348 1.61656e-05 0.00103892 0.72213 0.215795 0.010047 9137.88
0.0416176 1.60542e-05 0.00103033 0.722681 0.215676 0.010041 9148.69
0.0411034 1.5943e-05 0.00102176 0.723226 0.215557 0.0100351 9159.58
0.0405922 1.58322e-05 0.00101321 0.723767 0.215439 0.0100292 9170.53
0.0400841 1.57217e-05 0.00100468 0.724303 0.215321 0.0100233 9181.56
0.039579 1.56116e-05 0.000996171 0.724833 0.215203 0.0100174 9192.66
0.0390771 1.55017e-05 0.000987686 0.725359 0.215086 0.0100115 9203.84
0.0385782 1.53922e-05 0.000979223 0.725879 0.214969 0.0100056 9215.08
0.0380826 1.52829e-05 0.000970783 0.726393 0.214853 0.00999979 9226.4
0.0375901 1.5174e-05 0.000962367 0.726903 0.214736 0.00999395 9237.8
0.0371008 1.50655e-05 0.000953975 0.727407 0.214621 0.00998813 9249.27
0.0366148 1.49572e-05 0.000945607 0.727905 0.214505 0.00998233 9260.82
0.0361321 1.48493e-05 0.000937264 0.728398 0.21439 0.00997654 9272.44
0.0356526 1.47417e-05 0.000928947 0.728886 0.214275 0.00997076 9284.14
0.0351766 1.46345e-05 0.000920656 0.729367 0.21416 0.009965 9295.92
0.0347038 1.45276e-05 0.000912391 0.729843 0.214046 0.00995926 9307.77
0.0342345 1.44211e-05 0.000904154 0.730314 0.213932 0.00995353 9319.7
0.0337686 1.43149e-05 0.000895944 0.730778 0.213819 0.00994781 9331.71
0.0333062 1.42091e-05 0.000887763 0.731236 0.213706 0.00994211 9343.8
0.0328473 1.41036e-05 0.00087961 0.731688 0.213593 0.00993642 9355.97
0.0323919 1.39985e-05 0.000871487 0.732135 0.21348 0.00993075 9368.22
0.0319401 1.38938e-05 0.000863394 0.732575 0.213368 0.00992509 9380.55
0.0314918 1.37894e-05 0.000855332 0.733009 0.213257 0.00991945 9392.96
0.0310472 1.36854e-05 0.000847301 0.733436 0.213145 0.00991382 9405.44
0.0306062 1.35818e-05 0.000839303 0.733857 0.213034 0.0099082 9418.01
0.0301688 1.34786e-05 0.000831337 0.734272 0.212923 0.0099026 9430.66
0.0297352 1.33758e-05 0.000823404 0.73468 0.212813 0.00989701 9443.39
0.0293053 1.32734e-05 0.000815505 0.735082 0.212703 0.00989144 9456.21
0.0288792 1.31715e-05 0.000807642 0.735477 0.212593 0.00988587 9469.1
0.0284569 1.30699e-05 0.000799813 0.735866 0.212483 0.00988033 9482.08
0.0280384 1.29687e-05 0.000792021 0.736247 0.212374 0.00987479 9495.13
0.0276238 1.2868e-05 0.000784265 0.736622 0.212265 0.00986927 9508.27
0.027213 1.27677e-05 0.000776547 0.73699 0.212157 0.00986376 9521.49
0.0268061 1.26679e-05 0.000768867 0.737351 0.212049 0.00985827 9534.79
0.0264032 1.25684e-05 0.000761226 0.737705 0.211941 0.00985278 9548.17
0.0260042 1.24695e-05 0.000753625 0.738052 0.211834 0.00984731 9561.63
0.0256092 1.2371e-05 0.000746064 0.738391 0.211726 0.00984186 9575.17
0.0252182 1.2273e-05 0.000738544 0.738724 0.21162 0.00983641 9588.79
0.0248312 1.21754e-05 0.000731066 0.739049 0.211513 0.00983098 9602.49
0.0244483 1.20783e-05 0.000723631 0.739367 0.211407 0.00982556 9616.27
0.0240694 1.19817e-05 0.000716239 0.739677 0.211301 0.00982015 9630.13
0.0236946 1.18857e-05 0.000708891 0.73998 0.211195 0.00981475 9644.07
0.023324 1.17901e-05 0.000701588 0.740276 0.21109 0.00980936 9658.09
0.0229575 1.1695e-05 0.000694331 0.740564 0.210985 0.00980398 9672.18
0.0225951 1.16004e-05 0.000687119 0.740844 0.21088 0.00979862 9686.35
0.0222369 1.15064e-05 0.000679955 0.741117 0.210776 0.00979326 9700.6
0.0218828 1.14129e-05 0.000672839 0.741382 0.210672 0.00978792 9714.92
0.021533 1.13199e-05 0.000665771 0.741639 0.210568 0.00978258 9729.32
0.0211873 1.12275e-05 0.000658752 0.741888 0.210464 0.00977726 9743.79
0.0208459 1.11356e-05 0.000651783 0.74213 0.210361 0.00977194 9758.33
0.0205087 1.10443e-05 0.000644864 0.742363 0.210258 0.00976663 9772.95
0.0201758 1.09536e-05 0.000637996 0.742589 0.210155 0.00976133 9787.63
0.019847 1.08634e-05 0.000631181 0.742807 0.210053 0.00975604 9802.39
0.0195225 1.07738e-05 0.000624418 0.743017 0.209951 0.00975076 9817.21
0.0192023 1.06848e-05 0.000617708 0.743218 0.209849 0.00974548 9832.1
0.0188863 1.05964e-05 0.000611051 0.743412 0.209747 0.00974022 9847.05
0.0185746 1.05086e-05 0.000604449 0.743598 0.209645 0.00973496 9862.07
0.0182671 1.04215e-05 0.000597902 0.743775 0.209544 0.0097297 9877.16
0.0179639 1.03349e-05 0.00059141 0.743945 0.209443 0.00972446 9892.3
0.0176649 1.0249e-05 0.000584975 0.744106 0.209343 0.00971922 9907.51
0.0173702 1.01637e-05 0.000578596 0.744259 0.209242 0.00971398 9922.77
0.0170797 1.0079e-05 0.000572274 0.744405 0.209142 0.00970875 9938.09
0.0167934 9.99497e-06 0.000566009 0.744541 0.209042 0.00970353 9953.47
0.0165113 9.91159e-06 0.000559802 0.74467 0.208942 0.00969831 9968.9
0.0162335 9.82887e-06 0.000553654 0.744791 0.208842 0.00969309 9984.38
0.0159598 9.7468e-06 0.000547565 0.744903 0.208743 0.00968788 9999.92
0.0156903 9.6654e-06 0.000541535 0.745008 0.208643 0.00968267 10015.5
0.0154249 9.58467e-06 0.000535564 0.745104 0.208544 0.00967746 10031.1
0.0151637 9.50461e-06 0.000529653 0.745192 0.208445 0.00967226 10046.8
0.0149066 9.42524e-06 0.000523802 0.745272 0.208347 0.00966706 10062.5
0.0146535 9.34654e-06 0.000518012 0.745344 0.208248 0.00966186 10078.3
0.0144046 9.26853e-06 0.000512282 0.745408 0.20815 0.00965666 10094.1
0.0141597 9.19121e-06 0.000506613 0.745464 0.208052 0.00965147 10109.9
0.0139188 9.11459e-06 0.000501005 0.745512 0.207953 0.00964627 10125.8
0.0136819 9.03866e-06 0.000495459 0.745552 0.207856 0.00964107 10141.7
0.0134489 8.96343e-06 0.000489973 0.745584 0.207758 0.00963588 10157.6
0.0132199 8.8889e-06 0.000484549 0.745608 0.20766 0.00963068 10173.6
0.0129947 8.81508e-06 0.000479187 0.745625 0.207562 0.00962548 10189.6
0.0127734 8.74196e-06 0.000473886 0.745633 0.207465 0.00962029 10205.6
0.012556 8.66955e-06 0.000468646 0.745634 0.207368 0.00961509 10221.6
0.0123423 8.59784e-06 0.000463468 0.745627 0.207271 0.00960988 10237.7
0.0121324 8.52685e-06 0.000458351 0.745613 0.207173 0.00960468 10253.8
0.0119261 8.45657e-06 0.000453296 0.745591 0.207076 0.00959947 10269.9
0.0117236 8.38699e-06 0.000448301 0.745561 0.20698 0.00959426 10286
0.0115247 8.31813e-06 0.000443368 0.745524 0.206883 0.00958905 10302.1
0.0113293 8.24997e-06 0.000438496 0.74548 0.206786 0.00958383 10318.3
0.0111376 8.18253e-06 0.000433684 0.745428 0.206689 0.00957861 10334.4
0.0109493 8.11579e-06 0.000428933 0.745369 0.206593 0.00957338 10350.6
0.0107644 8.04976e-06 0.000424241 0.745303 0.206496 0.00956815 10366.7
0.010583 7.98443e-06 0.00041961 0.74523 0.2064 0.00956291 10382.9
0.010405 7.91981e-06 0.000415039 0.745149 0.206303 0.00955767 10399.1
0.0102302 7.85588e-06 0.000410526 0.745062 0.206207 0.00955242 10415.2
0.0100588 7.79266e-06 0.000406073 0.744968 0.20611 0.00954716 10431.4
0.00989057 7.73013e-06 0.000401678 0.744867 0.206014 0.0095419 10447.5
0.00972553 7.6683e-06 0.000397341 0.744759 0.205918 0.00953663 10463.7
0.00956362 7.60715e-06 0.000393063 0.744645 0.205821 0.00953136 10479.8
0.0094048 7.5467e-06 0.000388841 0.744524 0.205725 0.00952607 10496
0.00924902 7.48692e-06 0.000384677 0.744397 0.205629 0.00952078 10512.1
0.00909622 7.42783e-06 0.000380568 0.744263 0.205533 0.00951548 10528.2
0.00894637 7.36941e-06 0.000376516 0.744123 0.205436 0.00951017 10544.3
0.00879941 7.31166e-06 0.00037252 0.743976 0.20534 0.00950486 10560.4
0.0086553 7.25457e-06 0.000368578 0.743824 0.205244 0.00949953 10576.4
0.00851398 7.19815e-06 0.000364691 0.743665 0.205148 0.0094942 10592.5
0.00837541 7.14238e-06 0.000360858 0.743501 0.205052 0.00948886 10608.5
0.00823954 7.08727e-06 0.000357078 0.74333 0.204955 0.0094835 10624.5
0.00810633 7.0328e-06 0.000353351 0.743154 0.204859 0.00947814 10640.5
0.00797572 6.97898e-06 0.000349676 0.742972 0.204763 0.00947277 10656.4
0.00784767 6.92579e-06 0.000346053 0.742785 0.204666 0.00946739 10672.4
0.00772214 6.87323e-06 0.000342481 0.742592 0.20457 0.009462 10688.3
0.00759906 6.82129e-06 0.000338959 0.742393 0.204474 0.00945659 10704.1
0.00747841 6.76998e-06 0.000335487 0.74219 0.204377 0.00945118 10720
0.00736013 6.71927e-06 0.000332065 0.741981 0.204281 0.00944576 10735.8
0.00724417 6.66918e-06 0.000328692 0.741766 0.204184 0.00944032 10751.6
0.0071305 6.61968e-06 0.000325366 0.741547 0.204088 0.00943488 10767.3
0.00701907 6.57078e-06 0.000322088 0.741322 0.203991 0.00942942 10783
0.00690983 6.52246e-06 0.000318857 0.741093 0.203895 0.00942395 10798.7
0.00680275 6.47473e-06 0.000315672 0.740859 0.203798 0.00941847 10814.3
0.00669777 6.42757e-06 0.000312533 0.74062 0.203701 0.00941298 10829.9
0.00659485 6.38099e-06 0.000309438 0.740376 0.203605 0.00940748 10845.5
0.00649396 6.33496e-06 0.000306389 0.740128 0.203508 0.00940196 10861
0.00639506 6.28949e-06 0.000303383 0.739875 0.203411 0.00939644 10876.5
0.00629809 6.24457e-06 0.00030042 0.739618 0.203314 0.0093909 10891.9
0.00620303 6.20019e-06 0.000297499 0.739357 0.203217 0.00938535 10907.4
0.00610983 6.15635e-06 0.000294621 0.739091 0.20312 0.00937979 10922.7
0.00601845 6.11304e-06 0.000291784 0.738821 0.203023 0.00937421 10938
0.00592886 6.07026e-06 0.000288987 0.738546 0.202926 0.00936863 10953.3
0.00584102 6.02799e-06 0.000286231 0.738268 0.202829 0.00936303 10968.5
0.00575489 5.98623e-06 0.000283514 0.737986 0.202731 0.00935742 10983.7
0.00567044 5.94497e-06 0.000280836 0.7377 0.202634 0.0093518 10998.9
0.00558762 5.90421e-06 0.000278197 0.73741 0.202536 0.00934616 11014
0.00550641 5.86394e-06 0.000275595 0.737116 0.202439 0.00934051 11029
0.00542677 5.82416e-06 0.00027303 0.736819 0.202341 0.00933485 11044.1
0.00534867 5.78485e-06 0.000270502 0.736518 0.202244 0.00932918 11059
0.00527207 5.74601e-06 0.000268009 0.736214 0.202146 0.0093235 11073.9
0.00519694 5.70764e-06 0.000265552 0.735906 0.202048 0.0093178 11088.8
0.00512326 5.66973e-06 0.00026313 0.735594 0.20195 0.00931209 11103.6
0.00505098 5.63227e-06 0.000260743 0.73528 0.201853 0.00930637 11118.4
0.00498008 5.59526e-06 0.000258389 0.734961 0.201755 0.00930064 11133.1
0.00491053 5.55868e-06 0.000256068 0.73464 0.201657 0.00929489 11147.8
0.0048423 5.52254e-06 0.00025378 0.734316 0.201558 0.00928914 11162.4
0.00477535 5.48683e-06 0.000251524 0.733988 0.20146 0.00928336 11177
0.00470967 5.45154e-06 0.000249299 0.733658 0.201362 0.00927758 11191.6
0.00464523 5.41667e-06 0.000247106 0.733324 0.201264 0.00927179 11206.1
0.00458199 5.3822e-06 0.000244943 0.732988 0.201165 0.00926598 11220.5
0.00451994 5.34814e-06 0.000242811 0.732649 0.201067 0.00926016 11234.9
0.00445904 5.31448e-06 0.000240707 0.732307 0.200968 0.00925433 11249.2
0.00439927 5.28121e-06 0.000238633 0.731962 0.200869 0.00924849 11263.5
0.00434061 5.24832e-06 0.000236588 0.731614 0.200771 0.00924263 11277.8
0.00428304 5.21582e-06 0.000234571 0.731264 0.200672 0.00923676 11291.9
0.00422652 5.18369e-06 0.000232581 0.730911 0.200573 0.00923088 11306.1
0.00417103 5.15193e-06 0.000230619 0.730556 0.200474 0.00922499 11320.2
0.00411656 5.12054e-06 0.000228683 0.730198 0.200375 0.00921909 11334.2
0.00406308 5.08951e-06 0.000226773 0.729838 0.200276 0.00921318 11348.2
0.00401057 5.05883e-06 0.00022489 0.729476 0.200177 0.00920725 11362.2
0.00395901 5.0285e-06 0.000223032 0.729111 0.200078 0.00920131 11376.1
0.00390837 4.99851e-06 0.000221199 0.728744 0.199978 0.00919536 11389.9
0.00385865 4.96887e-06 0.00021939 0.728374 0.199879 0.0091894 11403.7
0.00380981 4.93955e-06 0.000217606 0.728003 0.19978 0.00918343 11417.5
0.00376184 4.91057e-06 0.000215845 0.727629 0.19968 0.00917744 11431.2
0.00371473 4.88191e-06 0.000214108 0.727253 0.199581 0.00917145 11444.8
0.00366844 4.85357e-06 0.000212394 0.726875 0.199481 0.00916544 11458.4
0.00362297 4.82554e-06 0.000210702 0.726495 0.199381 0.00915942 11472
0.0035783 4.79782e-06 0.000209033 0.726113 0.199281 0.00915339 11485.5
0.0035344 4.77041e-06 0.000207385 0.725729 0.199182 0.00914735 11498.9
0.00349127 4.7433e-06 0.000205759 0.725343 0.199082 0.0091413 11512.4
0.00344889 4.71649e-06 0.000204154 0.724956 0.198982 0.00913524 11525.7
0.00340723 4.68997e-06 0.000202569 0.724566 0.198882 0.00912916 11539
0.0033663 4.66373e-06 0.000201005 0.724175 0.198782 0.00912308 11552.3
0.00332606 4.63778e-06 0.000199462 0.723782 0.198681 0.00911698 11565.5
0.00328651 4.61211e-06 0.000197938 0.723387 0.198581 0.00911088 11578.7
0.00324763 4.58671e-06 0.000196433 0.72299 0.198481 0.00910476 11591.8
0.0032094 4.56159e-06 0.000194947 0.722592 0.198381 0.00909863 11604.9
0.00317182 4.53673e-06 0.000193481 0.722193 0.19828 0.0090925 11617.9
0.00313487 4.51213e-06 0.000192032 0.721791 0.19818 0.00908635 11630.9
0.00309854 4.4878e-06 0.000190602 0.721388 0.198079 0.00908019 11643.9
0.00306281 4.46372e-06 0.00018919 0.720984 0.197979 0.00907402 11656.8
0.00302767 4.43989e-06 0.000187795 0.720578 0.197878 0.00906785 11669.6
0.00299311 4.41631e-06 0.000186417 0.720171 0.197777 0.00906166 11682.4
0.00295912 4.39298e-06 0.000185057 0.719762 0.197676 0.00905546 11695.2
0.00292569 4.36988e-06 0.000183713 0.719352 0.197576 0.00904925 11707.9
0.00289279 4.34703e-06 0.000182386 0.71894 0.197475 0.00904304 11720.5
0.00286043 4.32441e-06 0.000181075 0.718527 0.197374 0.00903681 11733.2
0.0028286 4.30202e-06 0.000179779 0.718113 0.197273 0.00903057 11745.8
0.00279727 4.27985e-06 0.0001785 0.717697 0.197172 0.00902433 11758.3
0.00276645 4.25791e-06 0.000177235 0.71728 0.197071 0.00901807 11770.8
0.00273611 4.23619e-06 0.000175986 0.716862 0.19697 0.00901181 11783.2
0.00270626 4.21469e-06 0.000174752 0.716443 0.196868 0.00900553 11795.6
0.00267688 4.19341e-06 0.000173533 0.716023 0.196767 0.00899925 11808
0.00264796 4.17233e-06 0.000172327 0.715601 0.196666 0.00899296 11820.3
0.00261949 4.15146e-06 0.000171137 0.715178 0.196565 0.00898666 11832.6
0.00259147 4.1308e-06 0.00016996 0.714754 0.196463 0.00898035 11844.8
0.00256388 4.11035e-06 0.000168796 0.714329 0.196362 0.00897403 11857
0.00253672 4.09009e-06 0.000167647 0.713903 0.19626 0.0089677 11869.2
0.00250997 4.07003e-06 0.00016651 0.713476 0.196159 0.00896136 11881.3
0.00248364 4.05016e-06 0.000165387 0.713048 0.196057 0.00895502 11893.3
0.00245771 4.03048e-06 0.000164277 0.712619 0.195956 0.00894866 11905.3
0.00243217 4.011e-06 0.000163179 0.712189 0.195854 0.0089423 11917.3
0.00240701 3.9917e-06 0.000162094 0.711758 0.195752 0.00893593 11929.3
0.00238224 3.97258e-06 0.000161021 0.711326 0.195651 0.00892955 11941.2
0.00235784 3.95364e-06 0.00015996 0.710893 0.195549 0.00892317 11953
0.0023338 3.93489e-06 0.000158911 0.710459 0.195447 0.00891677 11964.9
0.00231012 3.9163e-06 0.000157874 0.710024 0.195345 0.00891037 11976.6
0.00228678 3.8979e-06 0.000156849 0.709589 0.195243 0.00890396 11988.4
0.0022638 3.87966e-06 0.000155835 0.709152 0.195141 0.00889754 12000.1
0.00224115 3.86159e-06 0.000154832 0.708715 0.195039 0.00889111 12011.7
0.00221883 3.84369e-06 0.00015384 0.708277 0.194937 0.00888468 12023.4
0.00219683 3.82595e-06 0.000152859 0.707838 0.194835 0.00887824 12035
0.00217516 3.80838e-06 0.000151888 0.707398 0.194733 0.00887179 12046.5
0.00215379 3.79096e-06 0.000150928 0.706958 0.194631 0.00886533 12058
0.00213274 3.77371e-06 0.000149979 0.706516 0.194529 0.00885887 12069.5
0.00211198 3.75661e-06 0.00014904 0.706075 0.194427 0.00885239 12080.9
0.00209152 3.73966e-06 0.00014811 0.705632 0.194325 0.00884592 12092.3
0.00207135 3.72286e-06 0.000147191 0.705188 0.194222 0.00883943 12103.7
0.00205146 3.70621e-06 0.000146282 0.704744 0.19412 0.00883294 12115
0.00203186 3.68971e-06 0.000145382 0.7043 0.194018 0.00882644 12126.3
0.00201252 3.67336e-06 0.000144491 0.703854 0.193916 0.00881993 12137.5
0.00199346 3.65715e-06 0.00014361 0.703408 0.193813 0.00881342 12148.8
0.00197466 3.64108e-06 0.000142738 0.702962 0.193711 0.0088069 12159.9
0.00195612 3.62515e-06 0.000141875 0.702514 0.193608 0.00880037 12171.1
0.00193784 3.60936e-06 0.000141022 0.702066 0.193506 0.00879384 12182.2
0.00191981 3.59371e-06 0.000140176 0.701618 0.193404 0.00878729 12193.3
0.00190202 3.57819e-06 0.00013934 0.701169 0.193301 0.00878075 12204.3
0.00188447 3.5628e-06 0.000138512 0.700719 0.193199 0.00877419 12215.3
0.00186716 3.54754e-06 0.000137693 0.700269 0.193096 0.00876763 12226.3
0.00185009 3.53241e-06 0.000136882 0.699818 0.192993 0.00876107 12237.2
0.00183324 3.51741e-06 0.000136079 0.699367 0.192891 0.0087545 12248.1
0.00181662 3.50254e-06 0.000135284 0.698916 0.192788 0.00874792 12259
0.00180022 3.48779e-06 0.000134497 0.698463 0.192686 0.00874133 12269.8
0.00178404 3.47316e-06 0.000133718 0.698011 0.192583 0.00873474 12280.6
0.00176807 3.45866e-06 0.000132947 0.697557 0.19248 0.00872815 12291.4
0.00175231 3.44427e-06 0.000132183 0.697104 0.192378 0.00872155 12302.1
0.00173675 3.43001e-06 0.000131427 0.69665 0.192275 0.00871494 12312.8
0.0017214 3.41586e-06 0.000130678 0.696195 0.192172 0.00870832 12323.5
0.00170625 3.40182e-06 0.000129937 0.69574 0.19207 0.00870171 12334.1
0.00169129 3.3879e-06 0.000129202 0.695284 0.191967 0.00869508 12344.7
0.00167653 3.37409e-06 0.000128475 0.694829 0.191864 0.00868845 12355.3
0.00166196 3.36039e-06 0.000127755 0.694372 0.191761 0.00868182 12365.9
0.7808 0.2095 0 0 0 0.0097 62450.4
0.00163336 3.33332e-06 0.000126335 0.693459 0.191556 0.00866853 12386.9
0.00161933 3.31995e-06 0.000125636 0.693001 0.191453 0.00866188 12397.3
0.00160548 3.30668e-06 0.000124943 0.692543 0.19135 0.00865522 12407.7
0.00159181 3.29352e-06 0.000124256 0.692085 0.191247 0.00864856 12418.1
0.0015783 3.28046e-06 0.000123576 0.691627 0.191144 0.00864189 12428.5
