Variables = " x points", "y points", "density", "pressure", "temperature", "mach", "u velocity", "v velocity" 
ZONE T="Flow Field", I=50, J=25, F=POINT
0.0294118 0.0125 0.116144 10000 300 867.972 867.972 0
0.0294118 0.0375 0.116144 10000 300 867.972 867.972 0
0.0294118 0.0625 0.116144 10000 300 867.972 867.972 0
0.0294118 0.0875 0.116144 10000 300 867.972 867.972 0
0.0294118 0.1125 0.116144 10000 300 867.972 867.972 0
0.0294118 0.1375 0.116144 10000 300 867.972 867.972 0
0.0294118 0.1625 0.116144 10000 300 867.972 867.972 0
0.0294118 0.1875 0.116144 10000 300 867.972 867.972 0
0.0294118 0.2125 0.116144 10000 300 867.972 867.972 0
0.0294118 0.2375 0.116144 10000 300 867.972 867.972 0
0.0294118 0.2625 0.116144 10000 300 867.972 867.972 0
0.0294118 0.2875 0.116144 10000 300 867.972 867.972 0
0.0294118 0.3125 0.116144 10000 300 867.972 867.972 0
0.0294118 0.3375 0.116144 10000 300 867.972 867.972 0
0.0294118 0.3625 0.116144 10000 300 867.972 867.972 0
0.0294118 0.3875 0.116144 10000 300 867.972 867.972 0
0.0294118 0.4125 0.116144 10000 300 867.972 867.972 0
0.0294118 0.4375 0.116144 10000 300 867.972 867.972 0
0.0294118 0.4625 0.116144 10000 300 867.972 867.972 0
0.0294118 0.4875 0.116144 10000 300 867.972 867.972 0
0.0294118 0.5125 0.116144 10000 300 867.972 867.972 0
0.0294118 0.5375 0.116144 10000 300 867.972 867.972 0
0.0294118 0.5625 0.116144 10000 300 867.972 867.972 0
0.0294118 0.5875 0.116144 10000 300 867.972 867.972 0
0.0294118 0.6125 0.116144 10000 300 867.972 867.972 0
0.0882353 0.0125 0.116144 10000 300 867.972 867.972 0
0.0882353 0.0375 0.116144 10000 300 867.972 867.972 0
0.0882353 0.0625 0.116144 10000 300 867.972 867.972 0
0.0882353 0.0875 0.116144 10000 300 867.972 867.972 0
0.0882353 0.1125 0.116144 10000 300 867.972 867.972 0
0.0882353 0.1375 0.116144 10000 300 867.972 867.972 0
0.0882353 0.1625 0.116144 10000 300 867.972 867.972 0
0.0882353 0.1875 0.116144 10000 300 867.972 867.972 0
0.0882353 0.2125 0.116144 10000 300 867.972 867.972 0
0.0882353 0.2375 0.116144 10000 300 867.972 867.972 0
0.0882353 0.2625 0.116144 10000 300 867.972 867.972 0
0.0882353 0.2875 0.116144 10000 300 867.972 867.972 0
0.0882353 0.3125 0.116144 10000 300 867.972 867.972 0
0.0882353 0.3375 0.116144 10000 300 867.972 867.972 0
0.0882353 0.3625 0.116144 10000 300 867.972 867.972 0
0.0882353 0.3875 0.116144 10000 300 867.972 867.972 0
0.0882353 0.4125 0.116144 10000 300 867.972 867.972 0
0.0882353 0.4375 0.116144 10000 300 867.972 867.972 0
0.0882353 0.4625 0.116144 10000 300 867.972 867.972 0
0.0882353 0.4875 0.116144 10000 300 867.972 867.972 0
0.0882353 0.5125 0.116144 10000 300 867.972 867.972 0
0.0882353 0.5375 0.116144 10000 300 867.972 867.972 0
0.0882353 0.5625 0.116144 10000 300 867.972 867.972 0
0.0882353 0.5875 0.116144 10000 300 867.972 867.972 0
0.0882353 0.6125 0.116144 10000 300 867.972 867.972 0
0.147059 0.0125 0.116144 10000 300 867.972 867.972 0
0.147059 0.0375 0.116144 10000 300 867.972 867.972 0
0.147059 0.0625 0.116144 10000 300 867.972 867.972 0
0.147059 0.0875 0.116144 10000 300 867.972 867.972 0
0.147059 0.1125 0.116144 10000 300 867.972 867.972 0
0.147059 0.1375 0.116144 10000 300 867.972 867.972 0
0.147059 0.1625 0.116144 10000 300 867.972 867.972 0
0.147059 0.1875 0.116144 10000 300 867.972 867.972 0
0.147059 0.2125 0.116144 10000 300 867.972 867.972 0
0.147059 0.2375 0.116144 10000 300 867.972 867.972 0
0.147059 0.2625 0.116144 10000 300 867.972 867.972 0
0.147059 0.2875 0.116144 10000 300 867.972 867.972 0
0.147059 0.3125 0.116144 10000 300 867.972 867.972 0
0.147059 0.3375 0.116144 10000 300 867.972 867.972 0
0.147059 0.3625 0.116144 10000 300 867.972 867.972 0
0.147059 0.3875 0.116144 10000 300 867.972 867.972 0
0.147059 0.4125 0.116144 10000 300 867.972 867.972 0
0.147059 0.4375 0.116144 10000 300 867.972 867.972 0
0.147059 0.4625 0.116144 10000 300 867.972 867.972 0
0.147059 0.4875 0.116144 10000 300 867.972 867.972 0
0.147059 0.5125 0.116144 10000 300 867.972 867.972 0
0.147059 0.5375 0.116144 10000 300 867.972 867.972 0
0.147059 0.5625 0.116144 10000 300 867.972 867.972 0
0.147059 0.5875 0.116144 10000 300 867.972 867.972 0
0.147059 0.6125 0.116144 10000 300 867.972 867.972 0
0.205882 0.0125 0.116144 10000 300 867.972 867.972 0
0.205882 0.0375 0.116144 10000 300 867.972 867.972 0
0.205882 0.0625 0.116144 10000 300 867.972 867.972 0
0.205882 0.0875 0.116144 10000 300 867.972 867.972 0
0.205882 0.1125 0.116144 10000 300 867.972 867.972 0
0.205882 0.1375 0.116144 10000 300 867.972 867.972 0
0.205882 0.1625 0.116144 10000 300 867.972 867.972 0
0.205882 0.1875 0.116144 10000 300 867.972 867.972 0
0.205882 0.2125 0.116144 10000 300 867.972 867.972 0
0.205882 0.2375 0.116144 10000 300 867.972 867.972 0
0.205882 0.2625 0.116144 10000 300 867.972 867.972 0
0.205882 0.2875 0.116144 10000 300 867.972 867.972 0
0.205882 0.3125 0.116144 10000 300 867.972 867.972 0
0.205882 0.3375 0.116144 10000 300 867.972 867.972 0
0.205882 0.3625 0.116144 10000 300 867.972 867.972 0
0.205882 0.3875 0.116144 10000 300 867.972 867.972 0
0.205882 0.4125 0.116144 10000 300 867.972 867.972 0
0.205882 0.4375 0.116144 10000 300 867.972 867.972 0
0.205882 0.4625 0.116144 10000 300 867.972 867.972 0
0.205882 0.4875 0.116144 10000 300 867.972 867.972 0
0.205882 0.5125 0.116144 10000 300 867.972 867.972 0
0.205882 0.5375 0.116144 10000 300 867.972 867.972 0
0.205882 0.5625 0.116144 10000 300 867.972 867.972 0
0.205882 0.5875 0.116144 10000 300 867.972 867.972 0
0.205882 0.6125 0.116144 10000 300 867.972 867.972 0
0.264706 0.0125 0.116144 10000 300 867.972 867.972 0
0.264706 0.0375 0.116144 10000 300 867.972 867.972 0
0.264706 0.0625 0.116144 10000 300 867.972 867.972 0
0.264706 0.0875 0.116144 10000 300 867.972 867.972 0
0.264706 0.1125 0.116144 10000 300 867.972 867.972 0
0.264706 0.1375 0.116144 10000 300 867.972 867.972 0
0.264706 0.1625 0.116144 10000 300 867.972 867.972 0
0.264706 0.1875 0.116144 10000 300 867.972 867.972 0
0.264706 0.2125 0.116144 10000 300 867.972 867.972 0
0.264706 0.2375 0.116144 10000 300 867.972 867.972 0
0.264706 0.2625 0.116144 10000 300 867.972 867.972 0
0.264706 0.2875 0.116144 10000 300 867.972 867.972 0
0.264706 0.3125 0.116144 10000 300 867.972 867.972 0
0.264706 0.3375 0.116144 10000 300 867.972 867.972 0
0.264706 0.3625 0.116144 10000 300 867.972 867.972 0
0.264706 0.3875 0.116144 10000 300 867.972 867.972 0
0.264706 0.4125 0.116144 10000 300 867.972 867.972 0
0.264706 0.4375 0.116144 10000 300 867.972 867.972 0
0.264706 0.4625 0.116144 10000 300 867.972 867.972 0
0.264706 0.4875 0.116144 10000 300 867.972 867.972 0
0.264706 0.5125 0.116144 10000 300 867.972 867.972 0
0.264706 0.5375 0.116144 10000 300 867.972 867.972 0
0.264706 0.5625 0.116144 10000 300 867.972 867.972 0
0.264706 0.5875 0.116144 10000 300 867.972 867.972 0
0.264706 0.6125 0.116144 10000 300 867.972 867.972 0
0.323529 0.0125 0.116144 10000 300 867.972 867.972 0
0.323529 0.0375 0.116144 10000 300 867.972 867.972 0
0.323529 0.0625 0.116144 10000 300 867.972 867.972 0
0.323529 0.0875 0.116144 10000 300 867.972 867.972 0
0.323529 0.1125 0.116144 10000 300 867.972 867.972 0
0.323529 0.1375 0.116144 10000 300 867.972 867.972 0
0.323529 0.1625 0.116144 10000 300 867.972 867.972 0
0.323529 0.1875 0.116144 10000 300 867.972 867.972 0
0.323529 0.2125 0.116144 10000 300 867.972 867.972 0
0.323529 0.2375 0.116144 10000 300 867.972 867.972 0
0.323529 0.2625 0.116144 10000 300 867.972 867.972 0
0.323529 0.2875 0.116144 10000 300 867.972 867.972 0
0.323529 0.3125 0.116144 10000 300 867.972 867.972 0
0.323529 0.3375 0.116144 10000 300 867.972 867.972 0
0.323529 0.3625 0.116144 10000 300 867.972 867.972 0
0.323529 0.3875 0.116144 10000 300 867.972 867.972 0
0.323529 0.4125 0.116144 10000 300 867.972 867.972 0
0.323529 0.4375 0.116144 10000 300 867.972 867.972 0
0.323529 0.4625 0.116144 10000 300 867.972 867.972 0
0.323529 0.4875 0.116144 10000 300 867.972 867.972 0
0.323529 0.5125 0.116144 10000 300 867.972 867.972 0
0.323529 0.5375 0.116144 10000 300 867.972 867.972 0
0.323529 0.5625 0.116144 10000 300 867.972 867.972 0
0.323529 0.5875 0.116144 10000 300 867.972 867.972 0
0.323529 0.6125 0.116144 10000 300 867.972 867.972 0
0.382353 0.0125 0.116144 10000 300 867.972 867.972 0
0.382353 0.0375 0.116144 10000 300 867.972 867.972 0
0.382353 0.0625 0.116144 10000 300 867.972 867.972 0
0.382353 0.0875 0.116144 10000 300 867.972 867.972 0
0.382353 0.1125 0.116144 10000 300 867.972 867.972 0
0.382353 0.1375 0.116144 10000 300 867.972 867.972 0
0.382353 0.1625 0.116144 10000 300 867.972 867.972 0
0.382353 0.1875 0.116144 10000 300 867.972 867.972 0
0.382353 0.2125 0.116144 10000 300 867.972 867.972 0
0.382353 0.2375 0.116144 10000 300 867.972 867.972 0
0.382353 0.2625 0.116144 10000 300 867.972 867.972 0
0.382353 0.2875 0.116144 10000 300 867.972 867.972 0
0.382353 0.3125 0.116144 10000 300 867.972 867.972 0
0.382353 0.3375 0.116144 10000 300 867.972 867.972 0
0.382353 0.3625 0.116144 10000 300 867.972 867.972 0
0.382353 0.3875 0.116144 10000 300 867.972 867.972 0
0.382353 0.4125 0.116144 10000 300 867.972 867.972 0
0.382353 0.4375 0.116144 10000 300 867.972 867.972 0
0.382353 0.4625 0.116144 10000 300 867.972 867.972 0
0.382353 0.4875 0.116144 10000 300 867.972 867.972 0
0.382353 0.5125 0.116144 10000 300 867.972 867.972 0
0.382353 0.5375 0.116144 10000 300 867.972 867.972 0
0.382353 0.5625 0.116144 10000 300 867.972 867.972 0
0.382353 0.5875 0.116144 10000 300 867.972 867.972 0
0.382353 0.6125 0.116144 10000 300 867.972 867.972 0
0.441176 0.0125 0.116144 10000 300 867.972 867.972 0
0.441176 0.0375 0.116144 10000 300 867.972 867.972 0
0.441176 0.0625 0.116144 10000 300 867.972 867.972 0
0.441176 0.0875 0.116144 10000 300 867.972 867.972 0
0.441176 0.1125 0.116144 10000 300 867.972 867.972 0
0.441176 0.1375 0.116144 10000 300 867.972 867.972 0
0.441176 0.1625 0.116144 10000 300 867.972 867.972 0
0.441176 0.1875 0.116144 10000 300 867.972 867.972 0
0.441176 0.2125 0.116144 10000 300 867.972 867.972 0
0.441176 0.2375 0.116144 10000 300 867.972 867.972 0
0.441176 0.2625 0.116144 10000 300 867.972 867.972 0
0.441176 0.2875 0.116144 10000 300 867.972 867.972 0
0.441176 0.3125 0.116144 10000 300 867.972 867.972 0
0.441176 0.3375 0.116144 10000 300 867.972 867.972 0
0.441176 0.3625 0.116144 10000 300 867.972 867.972 0
0.441176 0.3875 0.116144 10000 300 867.972 867.972 0
0.441176 0.4125 0.116144 10000 300 867.972 867.972 0
0.441176 0.4375 0.116144 10000 300 867.972 867.972 0
0.441176 0.4625 0.116144 10000 300 867.972 867.972 0
0.441176 0.4875 0.116144 10000 300 867.972 867.972 0
0.441176 0.5125 0.116144 10000 300 867.972 867.972 0
0.441176 0.5375 0.116144 10000 300 867.972 867.972 0
0.441176 0.5625 0.116144 10000 300 867.972 867.972 0
0.441176 0.5875 0.116144 10000 300 867.972 867.972 0
0.441176 0.6125 0.116144 10000 300 867.972 867.972 0
0.5 0.0125 0.116144 10000 300 867.972 867.972 0
0.5 0.0375 0.116144 10000 300 867.972 867.972 0
0.5 0.0625 0.116144 10000 300 867.972 867.972 0
0.5 0.0875 0.116144 10000 300 867.972 867.972 0
0.5 0.1125 0.116144 10000 300 867.972 867.972 0
0.5 0.1375 0.116144 10000 300 867.972 867.972 0
0.5 0.1625 0.116144 10000 300 867.972 867.972 0
0.5 0.1875 0.116144 10000 300 867.972 867.972 0
0.5 0.2125 0.116144 10000 300 867.972 867.972 0
0.5 0.2375 0.116144 10000 300 867.972 867.972 0
0.5 0.2625 0.116144 10000 300 867.972 867.972 0
0.5 0.2875 0.116144 10000 300 867.972 867.972 0
0.5 0.3125 0.116144 10000 300 867.972 867.972 0
0.5 0.3375 0.116144 10000 300 867.972 867.972 0
0.5 0.3625 0.116144 10000 300 867.972 867.972 0
0.5 0.3875 0.116144 10000 300 867.972 867.972 0
0.5 0.4125 0.116144 10000 300 867.972 867.972 0
0.5 0.4375 0.116144 10000 300 867.972 867.972 0
0.5 0.4625 0.116144 10000 300 867.972 867.972 0
0.5 0.4875 0.116144 10000 300 867.972 867.972 0
0.5 0.5125 0.116144 10000 300 867.972 867.972 0
0.5 0.5375 0.116144 10000 300 867.972 867.972 0
0.5 0.5625 0.116144 10000 300 867.972 867.972 0
0.5 0.5875 0.116144 10000 300 867.972 867.972 0
0.5 0.6125 0.116144 10000 300 867.972 867.972 0
0.558824 0.0125 0.116144 10000 300 867.972 867.972 0
0.558824 0.0375 0.116144 10000 300 867.972 867.972 0
0.558824 0.0625 0.116144 10000 300 867.972 867.972 0
0.558824 0.0875 0.116144 10000 300 867.972 867.972 0
0.558824 0.1125 0.116144 10000 300 867.972 867.972 0
0.558824 0.1375 0.116144 10000 300 867.972 867.972 0
0.558824 0.1625 0.116144 10000 300 867.972 867.972 0
0.558824 0.1875 0.116144 10000 300 867.972 867.972 0
0.558824 0.2125 0.116144 10000 300 867.972 867.972 0
0.558824 0.2375 0.116144 10000 300 867.972 867.972 0
0.558824 0.2625 0.116144 10000 300 867.972 867.972 0
0.558824 0.2875 0.116144 10000 300 867.972 867.972 0
0.558824 0.3125 0.116144 10000 300 867.972 867.972 0
0.558824 0.3375 0.116144 10000 300 867.972 867.972 0
0.558824 0.3625 0.116144 10000 300 867.972 867.972 0
0.558824 0.3875 0.116144 10000 300 867.972 867.972 0
0.558824 0.4125 0.116144 10000 300 867.972 867.972 0
0.558824 0.4375 0.116144 10000 300 867.972 867.972 0
0.558824 0.4625 0.116144 10000 300 867.972 867.972 0
0.558824 0.4875 0.116144 10000 300 867.972 867.972 0
0.558824 0.5125 0.116144 10000 300 867.972 867.972 0
0.558824 0.5375 0.116144 10000 300 867.972 867.972 0
0.558824 0.5625 0.116144 10000 300 867.972 867.972 0
0.558824 0.5875 0.116144 10000 300 867.972 867.972 0
0.558824 0.6125 0.116144 10000 300 867.972 867.972 0
0.617647 0.0125 0.116144 10000 300 867.972 867.972 0
0.617647 0.0375 0.116144 10000 300 867.972 867.972 0
0.617647 0.0625 0.116144 10000 300 867.972 867.972 0
0.617647 0.0875 0.116144 10000 300 867.972 867.972 0
0.617647 0.1125 0.116144 10000 300 867.972 867.972 0
0.617647 0.1375 0.116144 10000 300 867.972 867.972 0
0.617647 0.1625 0.116144 10000 300 867.972 867.972 0
0.617647 0.1875 0.116144 10000 300 867.972 867.972 0
0.617647 0.2125 0.116144 10000 300 867.972 867.972 0
0.617647 0.2375 0.116144 10000 300 867.972 867.972 0
0.617647 0.2625 0.116144 10000 300 867.972 867.972 0
0.617647 0.2875 0.116144 10000 300 867.972 867.972 0
0.617647 0.3125 0.116144 10000 300 867.972 867.972 0
0.617647 0.3375 0.116144 10000 300 867.972 867.972 0
0.617647 0.3625 0.116144 10000 300 867.972 867.972 0
0.617647 0.3875 0.116144 10000 300 867.972 867.972 0
0.617647 0.4125 0.116144 10000 300 867.972 867.972 0
0.617647 0.4375 0.116144 10000 300 867.972 867.972 0
0.617647 0.4625 0.116144 10000 300 867.972 867.972 0
0.617647 0.4875 0.116144 10000 300 867.972 867.972 0
0.617647 0.5125 0.116144 10000 300 867.972 867.972 0
0.617647 0.5375 0.116144 10000 300 867.972 867.972 0
0.617647 0.5625 0.116144 10000 300 867.972 867.972 0
0.617647 0.5875 0.116144 10000 300 867.972 867.972 0
0.617647 0.6125 0.116144 10000 300 867.972 867.972 0
0.676471 0.0125 0.116144 10000 300 867.972 867.972 0
0.676471 0.0375 0.116144 10000 300 867.972 867.972 0
0.676471 0.0625 0.116144 10000 300 867.972 867.972 0
0.676471 0.0875 0.116144 10000 300 867.972 867.972 0
0.676471 0.1125 0.116144 10000 300 867.972 867.972 0
0.676471 0.1375 0.116144 10000 300 867.972 867.972 0
0.676471 0.1625 0.116144 10000 300 867.972 867.972 0
0.676471 0.1875 0.116144 10000 300 867.972 867.972 0
0.676471 0.2125 0.116144 10000 300 867.972 867.972 0
0.676471 0.2375 0.116144 10000 300 867.972 867.972 0
0.676471 0.2625 0.116144 10000 300 867.972 867.972 0
0.676471 0.2875 0.116144 10000 300 867.972 867.972 0
0.676471 0.3125 0.116144 10000 300 867.972 867.972 0
0.676471 0.3375 0.116144 10000 300 867.972 867.972 0
0.676471 0.3625 0.116144 10000 300 867.972 867.972 0
0.676471 0.3875 0.116144 10000 300 867.972 867.972 0
0.676471 0.4125 0.116144 10000 300 867.972 867.972 0
0.676471 0.4375 0.116144 10000 300 867.972 867.972 0
0.676471 0.4625 0.116144 10000 300 867.972 867.972 0
0.676471 0.4875 0.116144 10000 300 867.972 867.972 0
0.676471 0.5125 0.116144 10000 300 867.972 867.972 0
0.676471 0.5375 0.116144 10000 300 867.972 867.972 0
0.676471 0.5625 0.116144 10000 300 867.972 867.972 0
0.676471 0.5875 0.116144 10000 300 867.972 867.972 0
0.676471 0.6125 0.116144 10000 300 867.972 867.972 0
0.735294 0.0125 0.116144 10000 300 867.972 867.972 0
0.735294 0.0375 0.116144 10000 300 867.972 867.972 0
0.735294 0.0625 0.116144 10000 300 867.972 867.972 0
0.735294 0.0875 0.116144 10000 300 867.972 867.972 0
0.735294 0.1125 0.116144 10000 300 867.972 867.972 0
0.735294 0.1375 0.116144 10000 300 867.972 867.972 0
0.735294 0.1625 0.116144 10000 300 867.972 867.972 0
0.735294 0.1875 0.116144 10000 300 867.972 867.972 0
0.735294 0.2125 0.116144 10000 300 867.972 867.972 0
0.735294 0.2375 0.116144 10000 300 867.972 867.972 0
0.735294 0.2625 0.116144 10000 300 867.972 867.972 0
0.735294 0.2875 0.116144 10000 300 867.972 867.972 0
0.735294 0.3125 0.116144 10000 300 867.972 867.972 0
0.735294 0.3375 0.116144 10000 300 867.972 867.972 0
0.735294 0.3625 0.116144 10000 300 867.972 867.972 0
0.735294 0.3875 0.116144 10000 300 867.972 867.972 0
0.735294 0.4125 0.116144 10000 300 867.972 867.972 0
0.735294 0.4375 0.116144 10000 300 867.972 867.972 0
0.735294 0.4625 0.116144 10000 300 867.972 867.972 0
0.735294 0.4875 0.116144 10000 300 867.972 867.972 0
0.735294 0.5125 0.116144 10000 300 867.972 867.972 0
0.735294 0.5375 0.116144 10000 300 867.972 867.972 0
0.735294 0.5625 0.116144 10000 300 867.972 867.972 0
0.735294 0.5875 0.116144 10000 300 867.972 867.972 0
0.735294 0.6125 0.116144 10000 300 867.972 867.972 0
0.794118 0.0125 0.116144 10000 300 867.972 867.972 0
0.794118 0.0375 0.116144 10000 300 867.972 867.972 0
0.794118 0.0625 0.116144 10000 300 867.972 867.972 0
0.794118 0.0875 0.116144 10000 300 867.972 867.972 0
0.794118 0.1125 0.116144 10000 300 867.972 867.972 0
0.794118 0.1375 0.116144 10000 300 867.972 867.972 0
0.794118 0.1625 0.116144 10000 300 867.972 867.972 0
0.794118 0.1875 0.116144 10000 300 867.972 867.972 0
0.794118 0.2125 0.116144 10000 300 867.972 867.972 0
0.794118 0.2375 0.116144 10000 300 867.972 867.972 0
0.794118 0.2625 0.116144 10000 300 867.972 867.972 0
0.794118 0.2875 0.116144 10000 300 867.972 867.972 0
0.794118 0.3125 0.116144 10000 300 867.972 867.972 0
0.794118 0.3375 0.116144 10000 300 867.972 867.972 0
0.794118 0.3625 0.116144 10000 300 867.972 867.972 0
0.794118 0.3875 0.116144 10000 300 867.972 867.972 0
0.794118 0.4125 0.116144 10000 300 867.972 867.972 0
0.794118 0.4375 0.116144 10000 300 867.972 867.972 0
0.794118 0.4625 0.116144 10000 300 867.972 867.972 0
0.794118 0.4875 0.116144 10000 300 867.972 867.972 0
0.794118 0.5125 0.116144 10000 300 867.972 867.972 0
0.794118 0.5375 0.116144 10000 300 867.972 867.972 0
0.794118 0.5625 0.116144 10000 300 867.972 867.972 0
0.794118 0.5875 0.116144 10000 300 867.972 867.972 0
0.794118 0.6125 0.116144 10000 300 867.972 867.972 0
0.852941 0.0125 0.116144 10000 300 867.972 867.972 0
0.852941 0.0375 0.116144 10000 300 867.972 867.972 0
0.852941 0.0625 0.116144 10000 300 867.972 867.972 0
0.852941 0.0875 0.116144 10000 300 867.972 867.972 0
0.852941 0.1125 0.116144 10000 300 867.972 867.972 0
0.852941 0.1375 0.116144 10000 300 867.972 867.972 0
0.852941 0.1625 0.116144 10000 300 867.972 867.972 0
0.852941 0.1875 0.116144 10000 300 867.972 867.972 0
0.852941 0.2125 0.116144 10000 300 867.972 867.972 0
0.852941 0.2375 0.116144 10000 300 867.972 867.972 0
0.852941 0.2625 0.116144 10000 300 867.972 867.972 0
0.852941 0.2875 0.116144 10000 300 867.972 867.972 0
0.852941 0.3125 0.116144 10000 300 867.972 867.972 0
0.852941 0.3375 0.116144 10000 300 867.972 867.972 0
0.852941 0.3625 0.116144 10000 300 867.972 867.972 0
0.852941 0.3875 0.116144 10000 300 867.972 867.972 0
0.852941 0.4125 0.116144 10000 300 867.972 867.972 0
0.852941 0.4375 0.116144 10000 300 867.972 867.972 0
0.852941 0.4625 0.116144 10000 300 867.972 867.972 0
0.852941 0.4875 0.116144 10000 300 867.972 867.972 0
0.852941 0.5125 0.116144 10000 300 867.972 867.972 0
0.852941 0.5375 0.116144 10000 300 867.972 867.972 0
0.852941 0.5625 0.116144 10000 300 867.972 867.972 0
0.852941 0.5875 0.116144 10000 300 867.972 867.972 0
0.852941 0.6125 0.116144 10000 300 867.972 867.972 0
0.911765 0.0125 0.116144 10000 300 867.972 867.972 0
0.911765 0.0375 0.116144 10000 300 867.972 867.972 0
0.911765 0.0625 0.116144 10000 300 867.972 867.972 0
0.911765 0.0875 0.116144 10000 300 867.972 867.972 0
0.911765 0.1125 0.116144 10000 300 867.972 867.972 0
0.911765 0.1375 0.116144 10000 300 867.972 867.972 0
0.911765 0.1625 0.116144 10000 300 867.972 867.972 0
0.911765 0.1875 0.116144 10000 300 867.972 867.972 0
0.911765 0.2125 0.116144 10000 300 867.972 867.972 0
0.911765 0.2375 0.116144 10000 300 867.972 867.972 0
0.911765 0.2625 0.116144 10000 300 867.972 867.972 0
0.911765 0.2875 0.116144 10000 300 867.972 867.972 0
0.911765 0.3125 0.116144 10000 300 867.972 867.972 0
0.911765 0.3375 0.116144 10000 300 867.972 867.972 0
0.911765 0.3625 0.116144 10000 300 867.972 867.972 0
0.911765 0.3875 0.116144 10000 300 867.972 867.972 0
0.911765 0.4125 0.116144 10000 300 867.972 867.972 0
0.911765 0.4375 0.116144 10000 300 867.972 867.972 0
0.911765 0.4625 0.116144 10000 300 867.972 867.972 0
0.911765 0.4875 0.116144 10000 300 867.972 867.972 0
0.911765 0.5125 0.116144 10000 300 867.972 867.972 0
0.911765 0.5375 0.116144 10000 300 867.972 867.972 0
0.911765 0.5625 0.116144 10000 300 867.972 867.972 0
0.911765 0.5875 0.116144 10000 300 867.972 867.972 0
0.911765 0.6125 0.116144 10000 300 867.972 867.972 0
0.970588 0.0125 0.116144 10000 300 867.972 867.972 0
0.970588 0.0375 0.116144 10000 300 867.972 867.972 0
0.970588 0.0625 0.116144 10000 300 867.972 867.972 0
0.970588 0.0875 0.116144 10000 300 867.972 867.972 0
0.970588 0.1125 0.116144 10000 300 867.972 867.972 0
0.970588 0.1375 0.116144 10000 300 867.972 867.972 0
0.970588 0.1625 0.116144 10000 300 867.972 867.972 0
0.970588 0.1875 0.116144 10000 300 867.972 867.972 0
0.970588 0.2125 0.116144 10000 300 867.972 867.972 0
0.970588 0.2375 0.116144 10000 300 867.972 867.972 0
0.970588 0.2625 0.116144 10000 300 867.972 867.972 0
0.970588 0.2875 0.116144 10000 300 867.972 867.972 0
0.970588 0.3125 0.116144 10000 300 867.972 867.972 0
0.970588 0.3375 0.116144 10000 300 867.972 867.972 0
0.970588 0.3625 0.116144 10000 300 867.972 867.972 0
0.970588 0.3875 0.116144 10000 300 867.972 867.972 0
0.970588 0.4125 0.116144 10000 300 867.972 867.972 0
0.970588 0.4375 0.116144 10000 300 867.972 867.972 0
0.970588 0.4625 0.116144 10000 300 867.972 867.972 0
0.970588 0.4875 0.116144 10000 300 867.972 867.972 0
0.970588 0.5125 0.116144 10000 300 867.972 867.972 0
0.970588 0.5375 0.116144 10000 300 867.972 867.972 0
0.970588 0.5625 0.116144 10000 300 867.972 867.972 0
0.970588 0.5875 0.116144 10000 300 867.972 867.972 0
0.970588 0.6125 0.116144 10000 300 867.972 867.972 0
1.02941 0.0202293 0.169313 18720.5 385.253 775.584 762.856 139.933
1.02941 0.0449262 0.147399 14767.7 349.09 807.083 802.555 85.375
1.02941 0.0696231 0.132819 12302.1 322.728 836.314 835.036 46.2134
1.02941 0.09432 0.124129 11015.1 309.195 853.764 853.478 22.1075
1.02941 0.119017 0.119666 10425.9 303.571 862.038 861.984 9.70582
1.02941 0.143714 0.11763 10175.4 301.407 865.549 865.54 4.08938
1.02941 0.168411 0.116762 10072.3 300.57 866.982 866.981 1.70326
1.02941 0.193108 0.116401 10030 300.236 867.564 867.564 0.711773
1.02941 0.217804 0.116252 10012.6 300.099 867.802 867.802 0.300505
1.02941 0.242501 0.11619 10005.3 300.042 867.9 867.9 0.128825
1.02941 0.267198 0.116163 10002.3 300.018 867.942 867.942 0.0566912
1.02941 0.291895 0.116152 10000.9 300.007 867.96 867.96 0.026559
1.02941 0.316592 0.116146 10000.3 300.002 867.968 867.968 0.0147596
1.02941 0.341289 0.116143 9999.9 299.999 867.972 867.972 0.011756
1.02941 0.365986 0.11614 9999.58 299.996 867.976 867.976 0.0142104
1.02941 0.390683 0.116137 9999.14 299.993 867.981 867.981 0.0219693
1.02941 0.41538 0.116131 9998.44 299.987 867.989 867.989 0.0372808
1.02941 0.440076 0.11612 9997.21 299.977 868.003 868.003 0.0653504
1.02941 0.464773 0.116102 9995.01 299.959 868.028 868.028 0.11624
1.02941 0.48947 0.116068 9991.01 299.927 868.074 868.074 0.208843
1.02941 0.514167 0.116006 9983.68 299.868 868.156 868.156 0.378711
1.02941 0.538864 0.11589 9970.14 299.759 868.306 868.306 0.69348
1.02941 0.563561 0.115675 9944.84 299.554 868.572 868.571 1.28409
1.02941 0.588258 0.115274 9897.09 299.153 869.012 869.009 2.41105
1.02941 0.612955 0.114634 9816.84 298.384 869.569 869.556 4.80961
1.08824 0.0356879 0.192711 22388.6 404.798 753.671 732.885 175.783
1.08824 0.0597786 0.176501 19409.6 383.166 768.578 755.039 143.625
1.08824 0.0838693 0.159009 16308.2 357.358 794.446 787.225 106.871
1.08824 0.10796 0.143225 13745.6 334.398 821.118 818.056 70.8455
1.08824 0.132051 0.131509 12005.3 318.08 841.799 840.774 41.5305
1.08824 0.156141 0.124132 10995.3 308.632 854.744 854.463 21.9199
1.08824 0.180232 0.120048 10471.8 303.938 861.678 861.611 10.7766
1.08824 0.204323 0.117984 10218.8 301.781 865.061 865.046 5.10057
1.08824 0.228413 0.116997 10100.7 300.81 866.639 866.635 2.37845
1.08824 0.252504 0.116537 10046.2 300.371 867.362 867.362 1.10907
1.08824 0.276595 0.116323 10021.1 300.17 867.694 867.694 0.524382
1.08824 0.300685 0.116223 10009.3 300.075 867.849 867.849 0.25832
1.08824 0.324776 0.116174 10003.5 300.028 867.924 867.924 0.142087
1.08824 0.348867 0.116147 10000.3 300.002 867.964 867.964 0.0998181
1.08824 0.372957 0.116127 9997.93 299.983 867.993 867.993 0.0994748
1.08824 0.397048 0.116106 9995.44 299.962 868.022 868.021 0.130861
1.08824 0.421139 0.116077 9992.05 299.934 868.06 868.06 0.196605
1.08824 0.445229 0.116034 9986.91 299.892 868.117 868.117 0.309605
1.08824 0.46932 0.115965 9978.8 299.826 868.208 868.207 0.494186
1.08824 0.493411 0.115856 9965.96 299.721 868.35 868.349 0.78982
1.08824 0.517501 0.115685 9945.78 299.557 868.57 868.569 1.25672
1.08824 0.541592 0.11542 9914.56 299.302 868.9 868.897 1.98157
1.08824 0.565683 0.115024 9867.61 298.911 869.362 869.356 3.07759
1.08824 0.589773 0.114468 9800.45 298.318 869.917 869.904 4.66029
1.08824 0.613864 0.113882 9724.4 297.526 870.344 870.317 6.93672
1.14706 0.0511465 0.202148 23807.5 410.359 746.35 722.605 186.763
1.14706 0.074631 0.194261 22254.3 399.16 751.444 731.587 171.606
1.14706 0.0981154 0.182174 19993.2 382.397 765.914 751.212 149.349
1.14706 0.1216 0.167013 17391.9 362.839 787.04 777.701 120.88
1.14706 0.145084 0.151637 14939.1 343.271 810.27 805.347 89.1816
1.14706 0.168569 0.138666 12997.6 326.596 831.102 828.986 59.2724
1.14706 0.192053 0.129286 11678.1 314.73 846.651 845.901 35.6232
1.14706 0.215538 0.123314 10885.9 307.588 856.542 856.314 19.7461
1.14706 0.239022 0.119874 10450.9 303.771 862.128 862.066 10.3758
1.14706 0.262507 0.118027 10224.8 301.851 865.06 865.044 5.30329
1.14706 0.285991 0.117074 10110.4 300.902 866.544 866.539 2.69476
1.14706 0.309475 0.11659 10052.8 300.431 867.287 867.286 1.39561
1.14706 0.33296 0.116341 10023.3 300.189 867.666 867.665 0.770907
1.14706 0.356444 0.116204 10007 300.057 867.87 867.87 0.495725
1.14706 0.379929 0.116115 9996.56 299.971 867.997 867.997 0.412479
1.14706 0.403413 0.116042 9987.83 299.899 868.099 868.099 0.451263
1.14706 0.426898 0.115961 9978.29 299.82 868.207 868.207 0.589348
1.14706 0.450382 0.115858 9965.99 299.719 868.343 868.343 0.831771
1.14706 0.473867 0.115714 9949.03 299.58 868.529 868.528 1.20239
1.14706 0.497351 0.115514 9925.35 299.386 868.784 868.783 1.73914
1.14706 0.520836 0.115238 9892.76 299.117 869.128 869.125 2.48879
1.14706 0.54432 0.114871 9849.32 298.756 869.566 869.559 3.49595
1.14706 0.567804 0.114411 9794.39 298.282 870.067 870.054 4.77855
1.14706 0.591289 0.113893 9730.59 297.688 870.526 870.504 6.27842
1.14706 0.614773 0.113484 9675.35 297.065 870.757 870.721 7.92905
1.20588 0.0666051 0.205417 24274.5 411.749 743.733 719.028 190.098
1.20588 0.0894834 0.202898 23629.1 405.776 744.693 721.802 183.22
1.20588 0.112362 0.19737 22428.3 395.943 750.987 731.008 172.071
1.20588 0.13524 0.187064 20566.5 383.08 763.538 747.573 155.321
1.20588 0.158118 0.173776 18342 367.769 780.925 769.627 132.358
1.20588 0.180996 0.159338 16055.3 351.09 801.004 794.108 104.876
1.20588 0.203875 0.145965 14035.6 335.044 820.878 817.325 76.2862
1.20588 0.226753 0.135194 12486.1 321.802 837.74 836.203 50.7354
1.20588 0.249631 0.127513 11435.8 312.485 850.059 849.49 31.1165
1.20588 0.272509 0.122569 10791 306.761 857.978 857.79 17.947
1.20588 0.295387 0.119627 10421.6 303.546 862.619 862.561 9.98027
1.20588 0.318266 0.117963 10218.1 301.814 865.195 865.177 5.4988
1.20588 0.341144 0.117043 10107.2 300.887 866.596 866.591 3.10848
1.20588 0.364022 0.116525 10045.3 300.374 867.37 867.368 1.90691
1.20588 0.3869 0.116213 10008.2 300.067 867.826 867.825 1.37653
1.20588 0.409779 0.115995 9982.28 299.852 868.135 868.134 1.24277
1.20588 0.432657 0.115807 9959.95 299.668 868.39 868.389 1.37116
1.20588 0.455535 0.11561 9936.6 299.474 868.649 868.647 1.70475
1.20588 0.478413 0.115379 9909.23 299.248 868.945 868.943 2.22784
1.20588 0.501292 0.115096 9875.79 298.971 869.299 869.294 2.94303
1.20588 0.52417 0.114753 9835.22 298.632 869.713 869.705 3.85295
1.20588 0.547048 0.114355 9787.8 298.228 870.167 870.153 4.9406
1.20588 0.569926 0.113926 9735.89 297.763 870.599 870.577 6.14557
1.20588 0.592804 0.11352 9684.75 297.259 870.904 870.873 7.339
1.20588 0.615683 0.113262 9648.38 296.816 870.996 870.955 8.41915
1.26471 0.0820637 0.20677 24440.5 411.853 742.581 717.543 191.203
1.26471 0.104336 0.20621 24167.8 408.361 742.464 718.268 187.998
1.26471 0.126608 0.20426 23590.2 402.407 744.831 722.146 182.424
1.26471 0.14888 0.199956 22636.2 394.446 750.691 730.331 173.646
1.26471 0.171152 0.192117 21200.4 384.501 760.772 743.582 160.81
1.26471 0.193424 0.180095 19248.2 372.396 775.171 761.939 142.611
1.26471 0.215696 0.166802 17155.3 358.356 792.419 783.405 119.187
1.26471 0.237968 0.153579 15141.8 343.53 810.778 805.427 92.9934
1.26471 0.26024 0.141932 13433.9 329.791 827.99 825.256 67.2307
1.26471 0.282512 0.132772 12146.4 318.759 842.12 840.912 45.0845
1.26471 0.304784 0.126254 11270.1 311.028 852.347 851.875 28.3771
1.26471 0.327056 0.121983 10718.6 306.164 859.026 858.855 17.1267
1.26471 0.349328 0.119345 10388.5 303.296 863.093 863.032 10.2049
1.26471 0.3716 0.117762 10194.8 301.641 865.488 865.466 6.24468
1.26471 0.393872 0.116805 10079.3 300.667 866.906 866.896 4.14673
1.26471 0.416144 0.116194 10006.1 300.055 867.79 867.784 3.18103
1.26471 0.438416 0.115756 9953.99 299.62 868.4 868.395 2.91124
1.26471 0.460688 0.115393 9910.87 299.26 868.888 868.882 3.09145
1.26471 0.48296 0.115048 9869.95 298.919 869.334 869.326 3.5851
1.26471 0.505232 0.114692 9827.8 298.565 869.775 869.765 4.30985
1.26471 0.527504 0.114319 9783.41 298.188 870.216 870.201 5.20053
1.26471 0.549776 0.113939 9737.85 297.789 870.628 870.606 6.18375
1.26471 0.572048 0.113583 9694.1 297.381 870.954 870.924 7.16212
1.26471 0.59432 0.113293 9656.55 296.988 871.125 871.088 8.01246
1.26471 0.616592 0.113139 9633.56 296.684 871.14 871.097 8.67645
1.32353 0.0975223 0.207587 24519.5 411.557 741.882 716.722 191.566
1.32353 0.119188 0.207766 24405.9 409.296 741.548 716.785 190.031
1.32353 0.140854 0.207473 24139.5 405.401 742.331 718.303 187.339
1.32353 0.16252 0.205837 23645.8 400.266 745.163 722.351 182.968
1.32353 0.184186 0.201917 22831.7 393.988 750.522 729.571 176.096
1.32353 0.205851 0.195357 21657 386.267 758.532 740.235 165.595
1.32353 0.227517 0.186572 20165.6 376.601 769.666 754.685 151.122
1.32353 0.249183 0.174451 18273.5 364.978 784.177 772.927 132.353
1.32353 0.270849 0.161559 16316.3 351.891 800.724 793.206 109.47
1.32353 0.292514 0.1495 14524 338.503 817.506 813.083 84.929
1.32353 0.31418 0.139174 13038.2 326.42 832.714 830.425 61.6974
1.32353 0.335846 0.13112 11923 316.838 844.992 843.938 42.1938
1.32353 0.357512 0.125334 11153.1 310.061 853.914 853.468 27.593
1.32353 0.379178 0.121438 10652.9 305.655 859.887 859.705 17.712
1.32353 0.400843 0.118917 10338.3 302.915 863.691 863.613 11.5781
1.32353 0.422509 0.117302 10140.7 301.218 866.078 866.04 8.0752
1.32353 0.444175 0.116238 10012.3 300.126 867.609 867.587 6.2923
1.32353 0.465841 0.115492 9923 299.37 868.65 868.632 5.59524
1.32353 0.487507 0.11492 9854.87 298.794 869.416 869.398 5.57327
1.32353 0.509172 0.114445 9798.26 298.313 870.021 870.001 5.96127
1.32353 0.530838 0.11403 9748.77 297.885 870.514 870.489 6.57631
1.32353 0.552504 0.113671 9705.39 297.495 870.894 870.864 7.27636
1.32353 0.57417 0.113381 9669.17 297.145 871.138 871.102 7.94
1.32353 0.595836 0.113176 9641.91 296.842 871.227 871.186 8.46543
1.32353 0.617501 0.113082 9627.11 296.633 871.211 871.166 8.8284
1.38235 0.112981 0.208113 24555.7 411.123 741.476 716.27 191.689
1.38235 0.134041 0.208526 24508.3 409.516 741.177 716.161 190.935
1.38235 0.1551 0.208914 24387.9 406.747 741.362 716.693 189.655
1.38235 0.17616 0.208674 24148 403.211 742.666 718.589 187.567
1.38235 0.197219 0.207128 23723.4 399.077 745.43 722.328 184.141
1.38235 0.218279 0.203801 23054.1 394.148 749.914 728.33 178.626
1.38235 0.239338 0.198476 22102.3 388.014 756.591 737.143 170.442
1.38235 0.260398 0.190631 20810.7 380.373 765.506 748.864 158.754
1.38235 0.281458 0.181619 19330.3 370.847 776.814 763.467 143.376
1.38235 0.302517 0.170358 17583.9 359.643 790.79 780.86 124.925
1.38235 0.323577 0.157844 15739.2 347.435 806.537 799.885 103.377
1.38235 0.344636 0.146717 14116 335.234 822.016 818.051 80.6332
1.38235 0.365696 0.137321 12782 324.324 835.785 833.659 59.5736
1.38235 0.386755 0.129966 11773.5 315.642 846.874 845.829 42.0751
1.38235 0.407815 0.124584 11061.9 309.374 855.051 854.561 28.9511
1.38235 0.428875 0.120843 10583 305.145 860.691 860.46 19.9736
1.38235 0.449934 0.118319 10268.3 302.386 864.433 864.314 14.3185
1.38235 0.470994 0.116626 10061.2 300.587 866.884 866.814 11.0402
1.38235 0.492053 0.115472 9921.68 299.383 868.507 868.457 9.33445
1.38235 0.513113 0.114661 9824.35 298.541 869.601 869.559 8.60554
1.38235 0.534172 0.114077 9754.18 297.927 870.342 870.301 8.43789
1.38235 0.555232 0.113656 9703.04 297.463 870.821 870.779 8.54666
1.38235 0.576292 0.113367 9666.77 297.108 871.084 871.04 8.73865
1.38235 0.597351 0.11319 9643.12 296.843 871.173 871.127 8.89055
1.38235 0.618411 0.113114 9631.38 296.681 871.168 871.122 8.96092
1.44118 0.12844 0.208452 24567 410.643 741.278 716.049 191.746
1.44118 0.148893 0.208902 24546.5 409.417 741.063 715.926 191.376
1.44118 0.169346 0.209519 24491.7 407.3 741.057 716.077 190.784
1.44118 0.1898 0.209905 24377.9 404.662 741.654 716.946 189.842
1.44118 0.210253 0.209606 24166.3 401.72 743.089 718.846 188.258
1.44118 0.230706 0.20824 23811.8 398.425 745.554 722.086 185.587
1.44118 0.25116 0.205503 23269.5 394.536 749.341 727.064 181.358
1.44118 0.271613 0.201003 22482.2 389.721 754.602 734.047 174.929
1.44118 0.292066 0.19492 21455.3 383.528 761.873 743.594 165.886
1.44118 0.31252 0.186748 20145.1 375.864 771.22 755.699 153.947
1.44118 0.332973 0.176991 18625.7 366.674 782.532 770.185 138.461
1.44118 0.353426 0.167154 17074.8 355.924 795.629 786.476 120.337
1.44118 0.37388 0.155807 15403.2 344.461 810.221 803.939 100.698
1.44118 0.394333 0.145029 13871.2 333.257 824.729 820.832 80.0719
1.44118 0.414786 0.136204 12634.4 323.21 837.54 835.335 60.7318
1.44118 0.43524 0.129252 11687.3 315.061 847.918 846.745 44.5802
1.44118 0.455693 0.124068 11003.4 309.018 855.707 855.098 32.2658
1.44118 0.476147 0.120376 10530.5 304.809 861.211 860.888 23.5973
1.44118 0.4966 0.117831 10212.2 301.981 864.941 864.756 17.8908
1.44118 0.517053 0.116111 10000.7 300.108 867.399 867.28 14.3329
1.44118 0.537507 0.114966 9861.2 298.868 868.976 868.89 12.202
1.44118 0.55796 0.114219 9770.14 298.045 869.945 869.876 10.9462
1.44118 0.578413 0.113753 9712.48 297.499 870.487 870.428 10.179
1.44118 0.598867 0.113489 9678.59 297.152 870.737 870.684 9.64792
1.44118 0.61932 0.113364 9662.12 296.972 870.819 870.771 9.19595
1.5 0.143898 0.208648 24560.3 410.144 741.241 715.997 191.798
1.5 0.163745 0.209063 24550.1 409.16 741.106 715.9 191.639
1.5 0.183592 0.20971 24523.2 407.452 741.067 715.923 191.401
1.5 0.20344 0.210324 24467.6 405.34 741.365 716.329 191.035
1.5 0.223287 0.210605 24362.2 403.057 742.154 717.314 190.403
1.5 0.243134 0.21028 24179.7 400.655 743.55 719.06 189.26
1.5 0.262981 0.20911 23887.5 398.029 745.707 721.801 187.303
1.5 0.282828 0.206817 23442.6 394.947 748.759 725.769 184.121
1.5 0.302675 0.203288 22817.9 391.094 753.078 731.411 179.341
1.5 0.322522 0.198166 21968.2 386.263 758.799 738.921 172.544
1.5 0.342369 0.19147 20891.4 380.176 766.176 748.603 163.151
1.5 0.362217 0.183563 19625.1 372.515 775.62 760.746 151.171
1.5 0.382064 0.174029 18160.3 363.596 786.753 774.799 136.628
1.5 0.401911 0.1639 16634.3 353.625 799.214 790.265 119.265
1.5 0.421758 0.154562 15209.4 342.87 812.355 806.101 100.608
1.5 0.441605 0.144935 13826.3 332.392 825.609 821.5 82.2632
1.5 0.461452 0.136033 12612.6 323.055 837.831 835.336 64.6047
1.5 0.481299 0.129259 11697.1 315.308 847.812 846.391 49.0599
1.5 0.501147 0.124167 11024.1 309.355 855.41 854.619 36.7765
1.5 0.520994 0.120495 10550.8 305.094 860.854 860.409 27.69
1.5 0.540841 0.117954 10229.9 302.187 864.557 864.295 21.278
1.5 0.560688 0.116267 10019.6 300.27 866.95 866.786 16.865
1.5 0.580535 0.115202 9887.42 299.049 868.4 868.29 13.8151
1.5 0.600382 0.114585 9810.76 298.328 869.192 869.115 11.613
1.5 0.620229 0.114264 9772.29 297.992 869.544 869.489 9.81635
1.55882 0.159357 0.208715 24536.9 409.622 741.349 716.089 191.871
1.55882 0.178598 0.209071 24529.7 408.807 741.277 716.02 191.851
1.55882 0.197839 0.209668 24513.8 407.377 741.26 716.012 191.817
1.55882 0.21708 0.210323 24483.1 405.599 741.448 716.221 191.76
1.55882 0.23632 0.210829 24426.8 403.696 741.938 716.766 191.621
1.55882 0.255561 0.211 24330.2 401.773 742.796 717.746 191.277
1.55882 0.274802 0.210668 24173.5 399.814 744.093 719.281 190.552
1.55882 0.294043 0.209658 23930.1 397.696 745.908 721.512 189.204
1.55882 0.313284 0.207833 23574.7 395.23 748.439 724.709 186.971
1.55882 0.332525 0.204949 23071 392.229 751.815 729.07 183.53
1.55882 0.351766 0.20088 22394.7 388.443 756.293 734.933 178.473
1.55882 0.371007 0.195595 21532.7 383.584 762.238 742.683 171.55
1.55882 0.390248 0.188827 20464.3 377.617 769.616 752.278 162.438
1.55882 0.409489 0.180895 19230.3 370.405 778.586 763.857 150.726
1.55882 0.42873 0.172299 17890.6 361.794 789.274 777.335 136.762
1.55882 0.44797 0.162871 16470.8 352.361 801.069 791.869 121.059
1.55882 0.467211 0.153348 15082.4 342.696 813.308 806.669 103.699
1.55882 0.486452 0.144721 13834.9 333.091 825.322 820.864 85.6601
1.55882 0.505693 0.137519 12794.1 324.162 836.236 833.404 68.7639
1.55882 0.524934 0.131026 11908.6 316.681 845.669 843.942 54.0249
1.55882 0.544175 0.125723 11217.7 310.89 853.207 852.201 41.4196
1.55882 0.563416 0.121933 10731.4 306.656 858.675 858.111 31.1271
1.55882 0.582657 0.11944 10412.7 303.76 862.308 861.999 23.0989
1.55882 0.601898 0.117918 10220.5 302.001 864.486 864.322 16.8397
1.55882 0.621139 0.117063 10119.3 301.196 865.535 865.459 11.4988
1.61765 0.174815 0.208651 24496 409.065 741.599 716.32 191.976
1.61765 0.19345 0.208943 24488.8 408.374 741.574 716.269 192.067
1.61765 0.212085 0.209464 24476.3 407.149 741.594 716.262 192.172
1.61765 0.230719 0.210079 24455 405.606 741.75 716.39 192.299
1.61765 0.249354 0.210641 24420 403.943 742.107 716.725 192.428
1.61765 0.267989 0.211018 24363.4 402.288 742.701 717.32 192.5
1.61765 0.286624 0.211096 24274.8 400.676 743.558 718.229 192.421
1.61765 0.305258 0.210768 24139.5 399.063 744.71 719.521 192.051
1.61765 0.323893 0.209937 23940.9 397.347 746.249 721.332 191.228
1.61765 0.342528 0.208454 23655.4 395.402 748.255 723.798 189.743
1.61765 0.361162 0.206202 23260.9 393.054 750.896 727.153 187.333
1.61765 0.379797 0.20307 22735.6 390.104 754.409 731.688 183.755
1.61765 0.398432 0.198848 22052.9 386.423 758.888 737.548 178.698
1.61765 0.417066 0.193535 21208.1 381.82 764.58 745.03 171.793
1.61765 0.435701 0.187213 20206.2 376.069 771.745 754.356 162.907
1.61765 0.454336 0.179784 19054.7 369.291 780.219 765.284 151.926
1.61765 0.47297 0.171574 17808.8 361.661 789.85 777.591 138.616
1.61765 0.491605 0.163132 16534.7 353.163 800.497 790.956 123.225
1.61765 0.51024 0.154904 15297.2 344.086 811.714 804.684 106.594
1.61765 0.528875 0.14698 14141.9 335.247 822.652 817.767 89.5213
1.61765 0.547509 0.139904 13141.8 327.296 832.606 829.447 72.4563
1.61765 0.566144 0.13413 12340.3 320.568 841.013 839.14 56.093
1.61765 0.584779 0.129826 11749.2 315.329 847.454 846.46 41.0202
1.61765 0.603413 0.127111 11374.6 311.798 851.694 851.252 27.4449
1.61765 0.622048 0.125685 11184.8 310.073 853.773 853.643 14.9361
1.67647 0.190274 0.208453 24436.6 408.461 741.99 716.687 192.116
1.67647 0.208302 0.208685 24428.2 407.866 741.998 716.645 192.306
1.67647 0.226331 0.209127 24416.1 406.803 742.05 716.642 192.517
1.67647 0.244359 0.209675 24398.1 405.441 742.204 716.734 192.767
1.67647 0.262388 0.210219 24371.8 403.954 742.501 716.965 193.052
1.67647 0.280416 0.210664 24333.5 402.469 742.959 717.361 193.342
1.67647 0.298445 0.210929 24278.2 401.049 743.584 717.942 193.588
1.67647 0.316473 0.210948 24198.5 399.698 744.381 718.734 193.711
1.67647 0.334502 0.210661 24085.5 398.372 745.38 719.795 193.613
1.67647 0.35253 0.20999 23926 397 746.617 721.196 193.164
1.67647 0.370559 0.208859 23705.8 395.477 748.178 723.069 192.201
1.67647 0.388587 0.207182 23408.6 393.679 750.193 725.59 190.547
1.67647 0.406616 0.204823 23013.7 391.494 752.751 728.904 187.97
1.67647 0.424644 0.201709 22506.4 388.775 756.037 733.256 184.193
1.67647 0.442673 0.197783 21874 385.351 760.255 738.887 178.98
1.67647 0.460701 0.192926 21105.9 381.181 765.437 745.85 172.054
1.67647 0.47873 0.187187 20212.8 376.245 771.656 754.23 163.065
1.67647 0.496758 0.180765 19216.8 370.411 779.005 764.067 151.823
1.67647 0.514786 0.173898 18151.4 363.692 787.384 775.135 138.344
1.67647 0.532815 0.166785 17063.8 356.481 796.327 786.823 122.666
1.67647 0.550843 0.15989 16026.9 349.259 805.32 798.472 104.799
1.67647 0.568872 0.153738 15109.3 342.438 813.77 809.316 85.0257
1.67647 0.5869 0.148788 14369.5 336.505 820.956 818.473 63.8036
1.67647 0.604929 0.145491 13862.7 331.995 826.134 825.084 41.6346
1.67647 0.622957 0.144482 13662.6 329.487 828.613 828.385 19.4658
1.73529 0.205733 0.208129 24359.3 407.805 742.511 717.181 192.287
1.73529 0.223155 0.208309 24349.7 407.29 742.54 717.137 192.56
1.73529 0.240577 0.208681 24337.6 406.362 742.613 717.134 192.854
1.73529 0.257999 0.20916 24321.1 405.156 742.765 717.202 193.187
1.73529 0.275422 0.209666 24299.4 403.817 743.022 717.369 193.558
1.73529 0.292844 0.210125 24271 402.465 743.394 717.647 193.951
1.73529 0.310266 0.210479 24234 401.176 743.874 718.04 194.337
1.73529 0.327688 0.210685 24185.4 399.98 744.454 718.551 194.666
1.73529 0.345111 0.21071 24121.4 398.872 745.13 719.195 194.876
1.73529 0.362533 0.210519 24036 397.821 745.905 719.997 194.88
1.73529 0.379955 0.210078 23922.5 396.774 746.809 721.017 194.569
1.73529 0.397377 0.209347 23772.5 395.665 747.891 722.342 193.813
1.73529 0.4148 0.20826 23575.1 394.425 749.198 724.061 192.439
1.73529 0.432222 0.206772 23320.4 392.973 750.82 726.321 190.232
1.73529 0.449644 0.204835 22998.6 391.214 752.861 729.279 186.955
1.73529 0.467066 0.202372 22599.6 389.106 755.362 733.033 182.305
1.73529 0.484489 0.199365 22121.5 386.619 758.389 737.706 175.906
1.73529 0.501911 0.195879 21568.9 383.67 762.021 743.414 167.366
1.73529 0.519333 0.192021 20954.8 380.237 766.243 750.133 156.296
1.73529 0.536755 0.187915 20304.9 376.494 770.851 757.611 142.252
1.73529 0.554178 0.183829 19663 372.696 775.591 765.486 124.787
1.73529 0.5716 0.180121 19078.3 369.057 780.149 773.232 103.661
1.73529 0.589022 0.177187 18600.2 365.765 784.107 780.123 78.94
1.73529 0.606444 0.175498 18280.3 362.934 786.987 785.323 51.1565
1.73529 0.623867 0.176078 18240.8 360.96 788.351 788.034 22.3541
1.79412 0.221191 0.207711 24269.4 407.117 743.121 717.763 192.47
1.79412 0.238007 0.207851 24259.4 406.672 743.155 717.711 192.798
1.79412 0.254823 0.20817 24248.5 405.867 743.231 717.698 193.137
1.79412 0.271639 0.2086 24235.1 404.806 743.365 717.738 193.502
1.79412 0.288455 0.20908 24219.2 403.613 743.572 717.848 193.889
1.79412 0.305271 0.209554 24200.9 402.396 743.852 718.032 194.283
1.79412 0.322087 0.209981 24180.3 401.235 744.194 718.285 194.658
1.79412 0.338903 0.210335 24157.3 400.178 744.577 718.596 194.973
1.79412 0.355719 0.210604 24131.8 399.246 744.977 718.957 195.173
1.79412 0.372535 0.210782 24103.4 398.44 745.371 719.362 195.183
1.79412 0.389352 0.210872 24071.8 397.748 745.742 719.822 194.905
1.79412 0.406168 0.210881 24036.7 397.151 746.079 720.357 194.215
1.79412 0.422984 0.210811 23997.4 396.633 746.365 720.994 192.947
1.79412 0.4398 0.21068 23955.1 396.179 746.595 721.779 190.887
1.79412 0.456616 0.210511 23911.9 395.783 746.759 722.766 187.77
1.79412 0.473432 0.210321 23871.1 395.466 746.813 723.978 183.261
1.79412 0.490248 0.210152 23840.4 395.274 746.716 725.45 176.94
1.79412 0.507064 0.210085 23830.4 395.236 746.438 727.207 168.343
1.79412 0.52388 0.2102 23853.5 395.401 745.928 729.222 156.984
1.79412 0.540696 0.210545 23920.8 395.867 745.115 731.382 142.397
1.79412 0.557512 0.211158 24040.3 396.689 744.006 733.56 124.237
1.79412 0.574328 0.212058 24206.5 397.737 742.718 735.62 102.434
1.79412 0.591144 0.213259 24398.3 398.631 741.451 737.414 77.2688
1.79412 0.60796 0.214875 24590.8 398.755 740.443 738.788 49.48
1.79412 0.624776 0.217727 24876.8 398.106 739.896 739.588 21.3358
1.85294 0.23665 0.207297 24182.7 406.471 743.701 718.324 192.62
1.85294 0.25286 0.20742 24174.7 406.096 743.723 718.262 192.932
1.85294 0.269069 0.207719 24168.8 405.413 743.767 718.227 193.234
1.85294 0.285279 0.208142 24164 404.509 743.839 718.222 193.53
1.85294 0.301489 0.208646 24161.3 403.487 743.942 718.254 193.805
1.85294 0.317699 0.209194 24162.5 402.448 744.064 718.32 194.033
1.85294 0.333909 0.209764 24169.7 401.474 744.184 718.406 194.174
1.85294 0.350118 0.210349 24186 400.629 744.265 718.49 194.173
1.85294 0.366328 0.210959 24215.6 399.957 744.259 718.543 193.953
1.85294 0.382538 0.211624 24263.7 399.494 744.108 718.532 193.414
1.85294 0.398748 0.212387 24337.5 399.271 743.746 718.422 192.423
1.85294 0.414958 0.21331 24446.4 399.321 743.092 718.176 190.812
1.85294 0.431168 0.214469 24602 399.691 742.051 717.745 188.364
1.85294 0.447377 0.215961 24819.7 400.443 740.514 717.082 184.812
1.85294 0.463587 0.217893 25117.6 401.654 738.363 716.125 179.846
1.85294 0.479797 0.220373 25515.5 403.427 735.463 714.798 173.118
1.85294 0.496007 0.223495 26033.1 405.86 731.713 713.033 164.282
1.85294 0.512217 0.227326 26684.8 409.009 727.083 710.792 153.051
1.85294 0.528426 0.23185 27472.1 412.861 721.651 708.085 139.273
1.85294 0.544636 0.236929 28375.4 417.294 715.64 704.995 122.973
1.85294 0.560846 0.242302 29347.8 422.023 709.455 701.734 104.382
1.85294 0.577056 0.247635 30313.8 426.528 703.645 698.625 83.905
1.85294 0.593266 0.252595 31177.7 430.069 698.805 696.045 62.044
1.85294 0.609475 0.25699 31851.2 431.845 695.45 694.333 39.4009
1.85294 0.625685 0.261281 32392.3 431.968 693.887 693.665 17.5697
1.91176 0.252108 0.207157 24143.1 406.08 743.935 718.569 192.61
1.91176 0.267712 0.20731 24143.6 405.788 743.904 718.503 192.734
1.91176 0.283316 0.207657 24152.4 405.259 743.844 718.424 192.797
1.91176 0.298919 0.208169 24170.5 404.564 743.749 718.33 192.782
1.91176 0.314523 0.208827 24201 403.798 743.604 718.216 192.646
1.91176 0.330126 0.20962 24248.5 403.06 743.378 718.066 192.332
1.91176 0.34573 0.210552 24319 402.444 743.023 717.851 191.763
1.91176 0.361334 0.211648 24420.7 402.034 742.472 717.528 190.835
1.91176 0.376937 0.212957 24564.2 401.91 741.635 717.038 189.417
1.91176 0.392541 0.214554 24763.3 402.151 740.401 716.307 187.343
1.91176 0.408144 0.216538 25035.3 402.843 738.637 715.245 184.414
1.91176 0.423748 0.219029 25401.1 404.081 736.19 713.745 180.4
1.91176 0.439352 0.222162 25884.7 405.968 732.898 711.686 175.051
1.91176 0.454955 0.226073 26512 408.612 728.604 708.941 168.126
1.91176 0.470559 0.23088 27307 412.103 723.19 705.396 159.433
1.91176 0.486162 0.236646 28286.8 416.489 716.609 700.974 148.88
1.91176 0.501766 0.243353 29455.4 421.741 708.947 695.679 136.517
1.91176 0.517369 0.250878 30796 427.711 700.448 689.641 122.566
1.91176 0.532973 0.258965 32266.3 434.135 691.519 683.128 107.398
1.91176 0.548577 0.267244 33796.8 440.642 682.682 676.526 91.4685
1.91176 0.56418 0.275272 35296.4 446.773 674.514 670.306 75.2261
1.91176 0.579784 0.282625 36662 451.984 667.561 664.946 59.0342
1.91176 0.595387 0.288976 37793.3 455.692 662.255 660.849 43.1251
1.91176 0.610991 0.294147 38617 457.438 658.857 658.276 27.6724
1.91176 0.626595 0.298343 39185 457.638 657.41 657.273 13.4465
1.97059 0.267567 0.208026 24271.8 406.54 742.953 717.686 192.108
1.97059 0.282564 0.208322 24296.9 406.383 742.775 717.637 191.603
1.97059 0.297562 0.208874 24344.5 406.101 742.44 717.469 190.931
1.97059 0.312559 0.209702 24421 405.769 741.923 717.178 190.013
1.97059 0.327557 0.21082 24533.8 405.481 741.18 716.742 188.757
1.97059 0.342554 0.212254 24692.6 405.348 740.145 716.12 187.048
1.97059 0.357551 0.214051 24910.2 405.488 738.726 715.253 184.743
1.97059 0.372549 0.216281 25202.6 406.018 736.807 714.058 181.675
1.97059 0.387546 0.219035 25589.1 407.061 734.249 712.433 177.655
1.97059 0.402543 0.222426 26092 408.734 730.897 710.252 172.489
1.97059 0.417541 0.226571 26735.3 411.148 726.597 707.382 165.993
1.97059 0.432538 0.231583 27542.4 414.394 721.218 703.69 158.035
1.97059 0.447535 0.237542 28532.7 418.524 714.681 699.069 148.565
1.97059 0.462533 0.244474 29716.4 423.528 706.999 693.469 137.654
1.97059 0.47753 0.252326 31090.1 429.317 698.303 686.931 125.512
1.97059 0.492528 0.260949 32631.9 435.716 688.85 679.605 112.476
1.97059 0.507525 0.270098 34300 442.477 679.015 671.763 98.9709
1.97059 0.522522 0.279446 36034.4 449.302 669.25 663.773 85.4442
1.97059 0.53752 0.288623 37762.2 455.874 660.024 656.053 72.2989
1.97059 0.552517 0.297259 39404.9 461.884 651.76 649.007 59.8357
1.97059 0.567514 0.305045 40887.1 467.026 644.789 642.983 48.2225
1.97059 0.582512 0.311781 42144.7 470.99 639.326 638.225 37.4987
1.97059 0.597509 0.31744 43140.4 473.523 635.462 634.86 27.6659
1.97059 0.612507 0.321735 43823.8 474.603 633.224 632.948 18.6787
1.97059 0.627504 0.324289 44184.5 474.741 632.486 632.399 10.4674
2.02941 0.275296 0.1404 15059.2 373.726 778.938 775.631 71.7041
2.02941 0.289991 0.157802 17275.5 381.45 774.744 766.758 110.949
2.02941 0.304685 0.17151 19036.6 386.738 768.771 757.485 131.243
2.02941 0.319379 0.181932 20404.6 390.786 762.772 749.151 143.507
2.02941 0.334073 0.190389 21545 394.297 756.938 741.776 150.742
2.02941 0.348768 0.19776 22567.2 397.61 751.149 735.125 154.324
2.02941 0.363462 0.204648 23550.8 400.974 745.193 728.907 154.946
2.02941 0.378156 0.211494 24559.6 404.615 738.833 722.825 152.963
2.02941 0.39285 0.218634 25647.1 408.732 731.841 716.601 148.575
2.02941 0.407545 0.22631 26856.2 413.485 724.037 709.987 141.946
2.02941 0.422239 0.234673 28217.4 418.96 715.322 702.793 133.297
2.02941 0.436933 0.243769 29744.4 425.152 705.711 694.918 122.951
2.02941 0.451627 0.253539 31431.2 431.951 695.344 686.371 111.345
2.02941 0.466322 0.263819 33251.3 439.158 684.483 677.286 98.9984
2.02941 0.481016 0.274364 35159.9 446.518 673.475 667.903 86.4505
2.02941 0.49571 0.284877 37099.4 453.762 662.705 658.538 74.1949
2.02941 0.510405 0.295049 39007.4 460.649 652.548 649.536 62.6231
2.02941 0.525099 0.304601 40823.8 466.983 643.324 641.219 51.996
2.02941 0.539793 0.31331 42497.9 472.619 635.265 633.846 42.4395
2.02941 0.554487 0.321043 43991.5 477.446 628.506 627.588 33.9586
2.02941 0.569182 0.32776 45280.8 481.367 623.082 622.52 26.4632
2.02941 0.583876 0.333509 46355 484.292 618.95 618.633 19.8
2.02941 0.59857 0.338381 47216.7 486.192 616.007 615.853 13.7976
2.02941 0.613264 0.342372 47873.9 487.213 614.09 614.035 8.27065
2.02941 0.627959 0.345495 48369.8 487.81 613.066 613.058 3.13937
2.08824 0.275296 0.123313 12562 354.952 796.417 796.052 24.0991
2.08824 0.289991 0.134398 14036.3 363.896 793.449 791.747 51.9445
2.08824 0.304685 0.147333 15707 371.46 786.994 783.652 72.4466
2.08824 0.319379 0.159785 17334.9 378.009 778.866 773.948 87.3943
2.08824 0.334073 0.171648 18931.2 384.287 769.833 763.661 97.2823
2.08824 0.348768 0.183155 20535.5 390.664 760.11 753.138 102.713
2.08824 0.363462 0.194598 22192.3 397.358 749.711 742.429 104.234
2.08824 0.378156 0.206223 23940.5 404.496 738.61 731.482 102.362
2.08824 0.39285 0.218186 25806.5 412.117 726.834 720.245 97.6447
2.08824 0.407545 0.230522 27798.1 420.165 714.501 708.723 90.6901
2.08824 0.422239 0.243149 29901.9 428.493 701.83 697.004 82.1623
2.08824 0.436933 0.255882 32084.4 436.89 689.109 685.26 72.7335
2.08824 0.451627 0.268465 34296.1 445.118 676.664 673.722 63.0242
2.08824 0.466322 0.280617 36479.6 452.955 664.808 662.648 53.5495
2.08824 0.481016 0.292071 38577.6 460.219 653.817 652.288 44.6889
2.08824 0.49571 0.30261 40540.1 466.787 643.901 642.856 36.6805
2.08824 0.510405 0.312085 42329.4 472.594 635.204 634.512 29.6362
2.08824 0.525099 0.32042 43921.7 477.615 627.798 627.356 23.568
2.08824 0.539793 0.327614 45306.2 481.852 621.696 621.423 18.4174
2.08824 0.554487 0.333726 46482.5 485.308 616.854 616.693 14.0831
2.08824 0.569182 0.33886 47456.8 487.973 613.19 613.101 10.4438
2.08824 0.583876 0.343132 48238.9 489.84 610.595 610.551 7.37861
2.08824 0.59857 0.34662 48838.5 490.939 608.943 608.924 4.78537
2.08824 0.613264 0.349297 49263.1 491.411 608.083 608.077 2.59208
2.08824 0.627959 0.351069 49528.8 491.568 607.839 607.838 0.830351
2.14706 0.275296 0.123534 12518.4 353.085 795.799 795.784 4.85412
2.14706 0.289991 0.130126 13415 359.207 794.87 794.759 13.2694
2.14706 0.304685 0.140058 14728 366.4 789.96 789.632 22.7498
2.14706 0.319379 0.151727 16289.6 374.079 781.545 780.92 31.2528
2.14706 0.334073 0.164509 18050.2 382.305 770.745 769.843 37.276
2.14706 0.348768 0.178079 19986.4 391.058 758.37 757.294 40.3869
2.14706 0.363462 0.192243 22082.9 400.243 744.97 743.855 40.7433
2.14706 0.378156 0.206826 24319.1 409.695 730.985 729.953 38.8146
2.14706 0.39285 0.221611 26662.1 419.201 716.816 715.951 35.2135
2.14706 0.407545 0.236333 29065.9 428.526 702.846 702.181 30.577
2.14706 0.422239 0.250695 31474.3 437.451 689.416 688.945 25.4824
2.14706 0.436933 0.264401 33828.1 445.793 676.805 676.498 20.3953
2.14706 0.451627 0.277192 36071.9 453.426 665.221 665.037 15.6494
2.14706 0.466322 0.288875 38159.9 460.273 654.796 654.696 11.4513
2.14706 0.481016 0.29933 40059.8 466.312 645.6 645.552 7.9
2.14706 0.49571 0.308516 41753.1 471.553 637.652 637.632 5.01487
2.14706 0.510405 0.316454 43234.1 476.03 630.933 630.927 2.76233
2.14706 0.525099 0.323226 44507.7 479.786 625.397 625.396 1.08533
2.14706 0.539793 0.32897 45590.9 482.881 620.982 620.982 -0.0455843
2.14706 0.554487 0.333527 46459.2 485.355 617.647 617.646 -0.786839
2.14706 0.569182 0.337384 47174.5 487.193 615.232 615.231 -1.24987
2.14706 0.583876 0.340552 47735.4 488.399 613.63 613.628 -1.41314
2.14706 0.59857 0.34307 48151.7 489.042 612.715 612.714 -1.31306
2.14706 0.613264 0.34491 48431.1 489.257 612.334 612.333 -0.975673
2.14706 0.627959 0.346029 48590 489.274 612.286 612.286 -0.370988
2.20588 0.275296 0.136996 14439.4 367.248 776.597 776.582 -4.77234
2.20588 0.289991 0.140806 14974.8 370.559 777.095 776.987 -12.9894
2.20588 0.304685 0.148235 15984 375.71 774.407 774.203 -17.7937
2.20588 0.319379 0.158314 17376.4 382.436 767.648 767.391 -19.8429
2.20588 0.334073 0.170347 19088.2 390.436 757.703 757.424 -20.5547
2.20588 0.348768 0.183722 21050.8 399.233 745.775 745.482 -20.8813
2.20588 0.363462 0.197897 23193.7 408.365 732.871 732.562 -21.2671
2.20588 0.378156 0.212391 25446.4 417.454 719.74 719.409 -21.8079
2.20588 0.39285 0.226779 27740.2 426.211 706.911 706.556 -22.4177
2.20588 0.407545 0.240696 30010.6 434.434 694.745 694.365 -22.9501
2.20588 0.422239 0.253847 32201.3 441.998 683.467 683.07 -23.2689
2.20588 0.436933 0.266014 34266.9 448.837 673.203 672.801 -23.2805
2.20588 0.451627 0.27706 36174.7 454.936 664.008 663.612 -22.9403
2.20588 0.466322 0.28692 37904.7 460.31 655.885 655.508 -22.2458
2.20588 0.481016 0.295593 39448 464.997 648.812 648.465 -21.224
2.20588 0.49571 0.303123 40804.8 469.04 642.748 642.439 -19.9185
2.20588 0.510405 0.309589 41981.6 472.489 637.647 637.382 -18.3784
2.20588 0.525099 0.315088 42989.2 475.385 633.458 633.24 -16.648
2.20588 0.539793 0.31973 43841.9 477.776 630.125 629.952 -14.7535
2.20588 0.554487 0.323567 44545.6 479.688 627.56 627.43 -12.7529
2.20588 0.569182 0.326763 45118.1 481.101 625.72 625.629 -10.6783
2.20588 0.583876 0.329379 45566.6 482.025 624.506 624.448 -8.5159
2.20588 0.59857 0.331444 45898.9 482.515 623.805 623.774 -6.26243
2.20588 0.613264 0.332943 46121.1 482.667 623.481 623.468 -3.91565
2.20588 0.627959 0.333976 46262.8 482.652 623.37 623.368 -1.35852
2.26471 0.275296 0.164102 18638.5 395.746 738.885 738.826 -9.36666
2.26471 0.289991 0.165558 18849 396.694 741.052 740.542 -27.4926
2.26471 0.304685 0.170112 19445.8 398.3 742.154 740.918 -42.8281
2.26471 0.319379 0.177042 20382.4 401.143 740.311 738.342 -53.9629
2.26471 0.334073 0.185886 21632.4 405.485 735.416 732.871 -61.1316
2.26471 0.348768 0.196142 23136.8 411.008 728.252 725.342 -65.0367
2.26471 0.363462 0.207279 24819.1 417.205 719.759 716.683 -66.4705
2.26471 0.378156 0.218795 26601.1 423.623 710.713 707.63 -66.1207
2.26471 0.39285 0.230261 28412.2 429.935 701.66 698.688 -64.5103
2.26471 0.407545 0.241335 30194.2 435.936 692.952 690.172 -62.0132
2.26471 0.422239 0.251773 31902.7 441.506 684.796 682.259 -58.893
2.26471 0.436933 0.261417 33506.3 446.593 677.3 675.036 -55.3392
2.26471 0.451627 0.27018 34985.3 451.179 670.512 668.532 -51.492
2.26471 0.466322 0.278036 36329.2 455.275 664.443 662.746 -47.458
2.26471 0.481016 0.284995 37535 458.899 659.089 657.664 -43.3188
2.26471 0.49571 0.2911 38604.5 462.077 654.436 653.265 -39.1354
2.26471 0.510405 0.296407 39542.5 464.829 650.467 649.527 -34.9508
2.26471 0.525099 0.300984 40355.8 467.177 647.16 646.427 -30.7918
2.26471 0.539793 0.3049 41052.4 469.136 644.487 643.935 -26.6682
2.26471 0.554487 0.30821 41637.3 470.711 642.399 642.002 -22.5899
2.26471 0.569182 0.310989 42118 471.89 640.863 640.594 -18.5534
2.26471 0.583876 0.313279 42499 472.678 639.809 639.644 -14.5379
2.26471 0.59857 0.315094 42784.1 473.108 639.153 639.067 -10.5238
2.26471 0.613264 0.316427 42975.8 473.225 638.794 638.761 -6.496
2.26471 0.627959 0.317504 43117.5 473.176 638.618 638.614 -2.23746
2.32353 0.275296 0.200177 24701.1 429.953 692.428 692.361 -9.63483
2.32353 0.289991 0.199663 24591.8 429.152 696.186 695.573 -29.2132
2.32353 0.304685 0.201078 24654.9 427.225 701.393 699.764 -47.7667
2.32353 0.319379 0.203839 24873 425.166 705.761 702.914 -63.3302
2.32353 0.334073 0.207819 25294.1 424.086 708.093 704.09 -75.186
2.32353 0.348768 0.212917 25933.1 424.389 708.176 703.277 -83.1518
2.32353 0.363462 0.218959 26767.9 425.96 706.345 700.904 -87.5001
2.32353 0.378156 0.225691 27753.1 428.464 703.119 697.489 -88.7989
2.32353 0.39285 0.232818 28835 431.541 699.003 693.478 -87.7184
2.32353 0.407545 0.240056 29962.7 434.898 694.41 689.202 -84.8904
2.32353 0.422239 0.247169 31093.6 438.323 689.646 684.892 -80.842
2.32353 0.436933 0.253981 32195 441.678 684.925 680.698 -75.9814
2.32353 0.451627 0.26037 33243.7 444.873 680.394 676.72 -70.6115
2.32353 0.466322 0.266263 34224.1 447.857 676.15 673.024 -64.9497
2.32353 0.481016 0.271625 35126.9 450.597 672.262 669.655 -59.1478
2.32353 0.49571 0.276447 35947.1 453.075 668.776 666.648 -53.3083
2.32353 0.510405 0.280738 36682.5 455.278 665.722 664.025 -47.4964
2.32353 0.525099 0.284519 37333.1 457.196 663.117 661.801 -41.7489
2.32353 0.539793 0.287816 37900 458.821 660.963 659.978 -36.0808
2.32353 0.554487 0.290656 38384 460.14 659.246 658.541 -30.495
2.32353 0.569182 0.29307 38787.1 461.14 657.945 657.47 -24.982
2.32353 0.583876 0.295078 39110.2 461.819 657.015 656.725 -19.5226
2.32353 0.59857 0.296683 39354.1 462.185 656.398 656.247 -14.0958
2.32353 0.613264 0.297884 39518.7 462.246 656.024 655.966 -8.68618
2.32353 0.627959 0.299006 39658.8 462.144 655.817 655.81 -2.99009
2.38235 0.275296 0.236384 31195.2 459.82 650.106 650.064 -7.36569
2.38235 0.289991 0.234841 30887.3 458.273 654.465 654.068 -22.7888
2.38235 0.304685 0.234051 30537.4 454.612 661.825 660.703 -38.5178
2.38235 0.319379 0.233487 30124.9 449.552 670.248 668.132 -53.2133
2.38235 0.334073 0.233142 29733.4 444.367 678.209 674.972 -66.181
2.38235 0.348768 0.233199 29446.5 439.972 684.808 680.489 -76.7959
2.38235 0.363462 0.233879 29320.3 436.813 689.658 684.448 -84.6107
2.38235 0.378156 0.235319 29376.3 434.969 692.717 686.914 -89.4754
2.38235 0.39285 0.237523 29605.7 434.299 694.161 688.098 -91.5453
2.38235 0.407545 0.240383 29980.3 434.56 694.279 688.264 -91.1933
2.38235 0.422239 0.243732 30463.2 435.493 693.393 687.671 -88.8915
2.38235 0.436933 0.24738 31017.1 436.872 691.808 686.553 -85.1129
2.38235 0.451627 0.251157 31608.8 438.511 689.788 685.101 -80.2736
2.38235 0.466322 0.254921 32211.4 440.273 687.543 683.472 -74.7101
2.38235 0.481016 0.258563 32803.8 442.055 685.241 681.79 -68.6791
2.38235 0.49571 0.262006 33370.2 443.779 683.006 680.153 -62.3672
2.38235 0.510405 0.265198 33899.4 445.39 680.933 678.634 -55.9044
2.38235 0.525099 0.268109 34383.3 446.843 679.085 677.288 -49.3757
2.38235 0.539793 0.27072 34816.2 448.105 677.503 676.148 -42.8329
2.38235 0.554487 0.273023 35193.9 449.145 676.205 675.229 -36.304
2.38235 0.569182 0.275017 35513.7 449.94 675.189 674.531 -29.7992
2.38235 0.583876 0.276699 35773.4 450.474 674.437 674.034 -23.3167
2.38235 0.59857 0.278066 35971.2 450.738 673.914 673.704 -16.8493
2.38235 0.613264 0.279119 36105.1 450.709 673.576 673.496 -10.393
2.38235 0.627959 0.280246 36237 450.538 673.378 673.368 -3.58074
2.44118 0.275296 0.264532 36459.8 480.235 620.185 620.168 -4.65251
2.44118 0.289991 0.262987 36128.6 478.669 624.175 624.004 -14.5827
2.44118 0.304685 0.261536 35649.5 474.942 631.464 630.961 -25.1976
2.44118 0.319379 0.25968 34980.4 469.358 640.722 639.718 -35.8641
2.44118 0.334073 0.257283 34175.7 462.833 650.724 649.071 -46.3406
2.44118 0.348768 0.25446 33316.8 456.208 660.558 658.157 -56.269
2.44118 0.363462 0.251513 32489.8 450.096 669.603 666.424 -65.165
2.44118 0.378156 0.248807 31767.9 444.882 677.444 673.55 -72.5263
2.44118 0.39285 0.24665 31200.7 440.759 683.841 679.383 -77.9587
2.44118 0.407545 0.24523 30810 437.76 688.718 683.907 -81.262
2.44118 0.422239 0.244601 30593.5 435.801 692.145 687.217 -82.4487
2.44118 0.436933 0.244712 30531.7 434.723 694.299 689.475 -81.7034
2.44118 0.451627 0.245444 30595.9 434.34 695.418 690.88 -79.3134
2.44118 0.466322 0.246648 30755 434.468 695.752 691.632 -75.601
2.44118 0.481016 0.248175 30979.3 434.943 695.534 691.914 -70.8736
2.44118 0.49571 0.249892 31243 435.63 694.967 691.883 -65.3969
2.44118 0.510405 0.251689 31524.7 436.42 694.214 691.669 -59.3846
2.44118 0.525099 0.253479 31807.5 437.225 693.399 691.371 -52.9999
2.44118 0.539793 0.255195 32078 437.978 692.612 691.059 -46.3615
2.44118 0.554487 0.25679 32325.9 438.623 691.912 690.781 -39.5528
2.44118 0.569182 0.258227 32543.6 439.118 691.331 690.561 -32.6295
2.44118 0.583876 0.259483 32725 439.43 690.879 690.403 -25.6276
2.44118 0.59857 0.26054 32865.7 439.528 690.548 690.298 -18.5712
2.44118 0.613264 0.261397 32961.8 439.368 690.319 690.223 -11.4822
2.44118 0.627959 0.262467 33077.4 439.112 690.173 690.161 -3.96237
2.5 0.275296 0.281058 39600.1 490.929 604.586 604.58 -2.52352
2.5 0.289991 0.280031 39348.3 489.597 607.814 607.762 -7.97545
2.5 0.304685 0.278933 38944.9 486.484 613.925 613.766 -13.9604
2.5 0.319379 0.277353 38341 481.67 622.062 621.733 -20.227
2.5 0.334073 0.275019 37547 475.698 631.384 630.814 -26.8121
2.5 0.348768 0.271826 36599.6 469.142 641.236 640.35 -33.6976
2.5 0.363462 0.267876 35554.4 462.465 651.146 649.871 -40.728
2.5 0.378156 0.263439 34478.2 456.017 660.745 659.028 -47.6068
2.5 0.39285 0.258871 33438.1 450.066 669.716 667.54 -53.9428
2.5 0.407545 0.254519 32492 444.81 677.783 675.182 -59.3256
2.5 0.422239 0.250666 31681.3 440.377 684.744 681.802 -63.4043
2.5 0.436933 0.247492 31027.4 436.819 690.494 687.338 -65.9475
2.5 0.451627 0.24507 30533.3 434.112 695.038 691.814 -66.8688
2.5 0.466322 0.243386 30187.8 432.168 698.471 695.326 -66.2155
2.5 0.481016 0.242364 29970.4 430.866 700.95 698.01 -64.1337
2.5 0.49571 0.241892 29856.7 430.069 702.658 700.021 -60.8238
2.5 0.510405 0.241851 29821.9 429.641 703.78 701.508 -56.5024
2.5 0.525099 0.242122 29843 429.463 704.478 702.602 -51.3751
2.5 0.539793 0.242602 29900 429.432 704.888 703.41 -45.6217
2.5 0.554487 0.243205 29976.3 429.46 705.116 704.015 -39.3911
2.5 0.569182 0.243862 30058.6 429.48 705.234 704.47 -32.8022
2.5 0.583876 0.244521 30136.4 429.432 705.289 704.811 -25.9487
2.5 0.59857 0.245146 30201.6 429.263 705.305 705.052 -18.9053
2.5 0.613264 0.245723 30248 428.913 705.294 705.196 -11.7376
2.5 0.627959 0.246654 30336.9 428.551 705.261 705.249 -4.06127
2.55882 0.275296 0.287067 40707.4 494.093 600.775 600.774 -1.10496
2.55882 0.289991 0.286588 40549 492.993 603.274 603.263 -3.51859
2.55882 0.304685 0.286084 40275.1 490.525 608.072 608.04 -6.20895
2.55882 0.319379 0.285276 39848.7 486.705 614.599 614.532 -9.08019
2.55882 0.334073 0.283879 39258.4 481.855 622.269 622.149 -12.2309
2.55882 0.348768 0.28166 38506.1 476.345 630.627 630.429 -15.7777
2.55882 0.363462 0.278518 37607.8 470.482 639.37 639.064 -19.7832
2.55882 0.378156 0.274502 36593.2 464.487 648.295 647.842 -24.2169
2.55882 0.39285 0.269795 35504.2 458.526 657.225 656.588 -28.9417
2.55882 0.407545 0.264661 34389.4 452.745 665.976 665.121 -33.7247
2.55882 0.422239 0.259401 33299.2 447.282 674.339 673.252 -38.2658
2.55882 0.436933 0.254299 32278.7 442.271 682.108 680.799 -42.2413
2.55882 0.451627 0.249595 31362.7 437.82 689.106 687.612 -45.3521
2.55882 0.466322 0.245452 30573 434 695.216 693.601 -47.3663
2.55882 0.481016 0.241961 29918 430.829 700.39 698.734 -48.1457
2.55882 0.49571 0.239142 29394.4 428.278 704.652 703.039 -47.6508
2.55882 0.510405 0.236963 28990.6 426.28 708.077 706.586 -45.9281
2.55882 0.525099 0.235354 28690.2 424.747 710.773 709.466 -43.0858
2.55882 0.539793 0.23423 28474.7 423.579 712.858 711.776 -39.2676
2.55882 0.554487 0.233502 28326 422.681 714.446 713.606 -34.6305
2.55882 0.569182 0.233086 28227.6 421.964 715.633 715.031 -29.3293
2.55882 0.583876 0.232911 28165.4 421.35 716.495 716.109 -23.5081
2.55882 0.59857 0.232927 28128.2 420.765 717.088 716.88 -17.2978
2.55882 0.613264 0.233101 28107.1 420.137 717.452 717.37 -10.8208
2.55882 0.627959 0.233783 28155.6 419.633 717.617 717.607 -3.76171
2.61765 0.275296 0.285788 40387.8 492.407 604.675 604.675 -0.202385
2.61765 0.289991 0.285699 40298.5 491.471 606.616 606.615 -0.671068
2.61765 0.304685 0.285646 40127.7 489.479 610.36 610.359 -1.21848
2.61765 0.319379 0.285477 39856.1 486.454 615.502 615.5 -1.81557
2.61765 0.334073 0.284965 39469.7 482.603 621.603 621.598 -2.53637
2.61765 0.348768 0.283874 38958.7 478.186 628.314 628.304 -3.49838
2.61765 0.363462 0.282021 38318.7 473.42 635.411 635.392 -4.82038
2.61765 0.378156 0.279317 37553.1 468.454 642.777 642.743 -6.58912
2.61765 0.39285 0.275771 36674.2 463.373 650.351 650.291 -8.8368
2.61765 0.407545 0.27148 35703.2 458.234 658.081 657.98 -11.5286
2.61765 0.422239 0.266611 34669.3 453.091 665.89 665.731 -14.5593
2.61765 0.436933 0.261376 33607.7 448.013 673.664 673.429 -17.7587
2.61765 0.451627 0.256007 32555.5 443.088 681.256 680.935 -20.9066
2.61765 0.466322 0.250729 31548.2 438.417 688.507 688.097 -23.757
2.61765 0.481016 0.245739 30615.5 434.096 695.26 694.771 -26.0678
2.61765 0.49571 0.241189 29779 430.201 701.389 700.845 -27.6306
2.61765 0.510405 0.237181 29051.2 426.778 706.81 706.243 -28.2943
2.61765 0.525099 0.233766 28435.8 423.841 711.484 710.934 -27.9775
2.61765 0.539793 0.230953 27929.7 421.368 715.414 714.917 -26.6691
2.61765 0.554487 0.228717 27524.6 419.316 718.635 718.22 -24.4192
2.61765 0.569182 0.227017 27209.9 417.624 721.198 720.883 -21.3243
2.61765 0.583876 0.225805 26974.1 416.227 723.161 722.948 -17.5122
2.61765 0.59857 0.225036 26806.5 415.055 724.576 724.457 -13.1291
2.61765 0.613264 0.224673 26698.2 414.045 725.494 725.447 -8.33275
2.61765 0.627959 0.22498 26690.3 413.36 725.959 725.954 -2.92372
2.67647 0.275296 0.280468 39275.2 487.925 612.733 612.732 0.43609
2.67647 0.289991 0.280491 39213.7 487.121 614.316 614.314 1.27381
2.67647 0.304685 0.28066 39103.8 485.463 617.328 617.324 2.09927
2.67647 0.319379 0.280834 38929.2 482.996 621.47 621.463 2.95875
2.67647 0.334073 0.28085 38680.1 479.878 626.4 626.388 3.80606
2.67647 0.348768 0.280521 38347.4 476.309 631.822 631.805 4.55579
2.67647 0.363462 0.279678 37923.4 472.462 637.537 637.516 5.10421
2.67647 0.378156 0.278197 37402.9 468.458 643.441 643.419 5.34994
2.67647 0.39285 0.276014 36784.4 464.356 649.503 649.482 5.21002
2.67647 0.407545 0.273121 36071 460.173 655.727 655.711 4.63119
2.67647 0.422239 0.269569 35271.4 455.902 662.124 662.114 3.59785
2.67647 0.436933 0.265463 34400.9 451.528 668.683 668.679 2.14266
2.67647 0.451627 0.261028 33493.7 447.088 675.366 675.366 0.439533
2.67647 0.466322 0.256005 32524.3 442.668 682.178 682.177 -1.4589
2.67647 0.481016 0.25085 31556 438.315 688.954 688.945 -3.54445
2.67647 0.49571 0.245799 30621.3 434.072 695.533 695.511 -5.58466
2.67647 0.510405 0.240978 29740.8 430.024 701.78 701.741 -7.36232
2.67647 0.525099 0.236523 28935.3 426.259 707.56 707.507 -8.71068
2.67647 0.539793 0.232543 28220.4 422.842 712.763 712.699 -9.49968
2.67647 0.554487 0.229117 27605.8 419.818 717.299 717.235 -9.64818
2.67647 0.569182 0.226295 27096 417.205 721.114 721.056 -9.13122
2.67647 0.583876 0.224099 26691.4 415 724.175 724.131 -7.9799
2.67647 0.59857 0.222539 26390 413.192 726.473 726.446 -6.27505
2.67647 0.613264 0.221604 26188.7 411.77 728.019 728.007 -4.13865
2.67647 0.627959 0.221442 26114.4 410.902 728.835 728.834 -1.48966
2.73529 0.275296 0.273109 37778.9 481.983 622.744 622.744 0.899799
2.73529 0.289991 0.273122 37727.9 481.309 624.062 624.057 2.63902
2.73529 0.304685 0.273383 37654.8 479.918 626.54 626.525 4.35361
2.73529 0.319379 0.273728 37540.5 477.857 629.948 629.918 6.1382
2.73529 0.334073 0.274036 37378.9 475.266 634.01 633.96 7.96974
2.73529 0.348768 0.274164 37163.8 472.31 638.478 638.403 9.79408
2.73529 0.363462 0.273976 36888.8 469.138 643.166 643.062 11.536
2.73529 0.378156 0.273356 36548.2 465.859 647.965 647.833 13.1117
2.73529 0.39285 0.272227 36137.2 462.532 652.835 652.675 14.4393
2.73529 0.407545 0.270544 35652.9 459.171 657.782 657.6 15.4466
2.73529 0.422239 0.2683 35094.3 455.757 662.836 662.641 16.0764
2.73529 0.436933 0.265519 34464.2 452.262 668.037 667.838 16.295
2.73529 0.451627 0.26226 33771.9 448.686 673.415 673.222 16.1168
2.73529 0.466322 0.258508 33020.4 445.068 678.924 678.746 15.5268
2.73529 0.481016 0.254426 32231.5 441.406 684.554 684.401 14.5033
2.73529 0.49571 0.25015 31423.1 437.691 690.255 690.13 13.1249
2.73529 0.510405 0.245809 30615 433.965 695.93 695.835 11.4934
2.73529 0.525099 0.241544 29829.8 430.301 701.458 701.391 9.71539
2.73529 0.539793 0.237498 29090.2 426.78 706.704 706.66 7.90236
2.73529 0.554487 0.233806 28417 423.488 711.525 711.499 6.1579
2.73529 0.569182 0.230588 27828.3 420.502 715.784 715.77 4.56471
2.73529 0.583876 0.227947 27339 417.894 719.357 719.35 3.174
2.73529 0.59857 0.225962 26960.4 415.728 722.145 722.142 1.99995
2.73529 0.613264 0.224682 26701.5 414.081 724.075 724.074 1.02549
2.73529 0.627959 0.224155 26577.9 413.134 725.114 725.114 0.291917
2.79412 0.275296 0.2649 36144.6 475.423 633.406 633.405 1.21945
2.79412 0.289991 0.264882 36100.5 474.875 634.507 634.497 3.56402
2.79412 0.304685 0.26518 36052.6 473.712 636.568 636.541 5.85052
2.79412 0.319379 0.26561 35978.4 471.971 639.408 639.355 8.21303
2.79412 0.334073 0.266079 35874.6 469.781 642.804 642.715 10.6413
2.79412 0.348768 0.266478 35737.6 467.285 646.542 646.409 13.1017
2.79412 0.363462 0.266702 35563.5 464.618 650.45 650.265 15.5409
2.79412 0.378156 0.26666 35348.6 461.882 654.415 654.17 17.8941
2.79412 0.39285 0.266283 35089.2 459.144 658.377 658.07 20.0911
2.79412 0.407545 0.265525 34782.4 456.429 662.322 661.954 22.0617
2.79412 0.422239 0.264365 34425.9 453.732 666.266 665.843 23.7384
2.79412 0.436933 0.262802 34019 451.037 670.242 669.773 25.0605
2.79412 0.451627 0.260847 33563.6 448.332 674.284 673.783 25.9804
2.79412 0.466322 0.258508 33061.3 445.62 678.391 677.875 26.4436
2.79412 0.481016 0.255848 32520 442.88 682.584 682.074 26.3983
2.79412 0.49571 0.252943 31948.1 440.089 686.859 686.373 25.8282
2.79412 0.510405 0.249876 31357 437.248 691.176 690.733 24.7333
2.79412 0.525099 0.246748 30761.9 434.388 695.47 695.085 23.1273
2.79412 0.539793 0.243671 30180.5 431.559 699.647 699.331 21.0405
2.79412 0.554487 0.240768 29632.2 428.828 703.592 703.348 18.5181
2.79412 0.569182 0.238163 29136.7 426.27 707.172 706.999 15.6168
2.79412 0.583876 0.235974 28713.2 423.97 710.25 710.142 12.4002
2.79412 0.59857 0.234308 28379.2 422.017 712.696 712.64 8.93645
2.79412 0.613264 0.233252 28150.4 420.511 714.397 714.377 5.30506
2.79412 0.627959 0.232948 28055.4 419.638 715.263 715.261 1.72856
2.85294 0.275296 0.256652 34532.3 468.812 643.866 643.865 1.41188
2.85294 0.289991 0.256612 34495 468.379 644.783 644.769 4.11317
2.85294 0.304685 0.256931 34467.1 467.418 646.501 646.466 6.722
2.85294 0.319379 0.257418 34423.9 465.949 648.874 648.806 9.39535
2.85294 0.334073 0.257999 34364.2 464.094 651.717 651.605 12.1266
2.85294 0.348768 0.258592 34286.1 461.979 654.849 654.679 14.8913
2.85294 0.363462 0.259116 34188.1 459.727 658.11 657.873 17.6483
2.85294 0.378156 0.259502 34068.6 457.438 661.384 661.071 20.3443
2.85294 0.39285 0.259697 33926.1 455.183 664.597 664.201 22.9184
2.85294 0.407545 0.259666 33759.6 453.002 667.713 667.234 25.3051
2.85294 0.422239 0.259392 33568.1 450.909 670.727 670.166 27.4371
2.85294 0.436933 0.25887 33351.4 448.901 673.651 673.016 29.2465
2.85294 0.451627 0.258105 33110.1 446.974 676.505 675.81 30.6675
2.85294 0.466322 0.257104 32844.8 445.12 679.302 678.565 31.6301
2.85294 0.481016 0.255898 32558.6 443.318 682.063 681.308 32.065
2.85294 0.49571 0.254531 32255 441.545 684.798 684.054 31.9147
2.85294 0.510405 0.253051 31939.6 439.783 687.501 686.796 31.13
2.85294 0.525099 0.251517 31619.6 438.033 690.149 689.511 29.6731
2.85294 0.539793 0.249992 31304.1 436.308 692.702 692.155 27.5233
2.85294 0.554487 0.248551 31004 434.631 695.101 694.663 24.6817
2.85294 0.569182 0.247267 30730.7 433.036 697.275 696.953 21.1761
2.85294 0.583876 0.246214 30495.9 431.567 699.144 698.935 17.0645
2.85294 0.59857 0.245459 30311 430.268 700.628 700.517 12.4381
2.85294 0.613264 0.245068 30187.2 429.195 701.652 701.612 7.43527
2.85294 0.627959 0.245222 30158.6 428.518 702.156 702.152 2.42908
2.94118 0.275296 0.243953 32100.4 458.482 659.688 659.686 1.29693
2.94118 0.289991 0.243968 32084.2 458.222 660.313 660.302 3.75788
2.94118 0.304685 0.244381 32093.9 457.586 661.496 661.468 6.09625
2.94118 0.319379 0.245033 32108 456.57 663.13 663.076 8.45426
2.94118 0.334073 0.245874 32126.7 455.272 665.08 664.992 10.8188
2.94118 0.348768 0.246854 32150.3 453.799 667.205 667.075 13.1657
2.94118 0.363462 0.24792 32179.3 452.254 669.374 669.195 15.4593
2.94118 0.378156 0.24903 32214.3 450.729 671.479 671.247 17.6552
2.94118 0.39285 0.250149 32256.2 449.295 673.44 673.152 19.7037
2.94118 0.407545 0.251254 32305.6 448.005 675.204 674.86 21.5518
2.94118 0.422239 0.252333 32363.3 446.887 676.743 676.347 23.1462
2.94118 0.436933 0.253379 32429.9 445.957 678.048 677.607 24.4348
2.94118 0.451627 0.254391 32505.5 445.218 679.124 678.65 25.3681
2.94118 0.466322 0.255371 32589.9 444.662 679.985 679.492 25.8995
2.94118 0.481016 0.256322 32682.5 444.269 680.654 680.158 25.9873
2.94118 0.49571 0.257253 32781.9 444.009 681.159 680.678 25.5983
2.94118 0.510405 0.258166 32886.4 443.848 681.528 681.08 24.7094
2.94118 0.525099 0.259064 32993.4 443.749 681.788 681.39 23.3088
2.94118 0.539793 0.259943 33099.8 443.676 681.968 681.633 21.399
2.94118 0.554487 0.260795 33202.1 443.592 682.091 681.827 18.9988
2.94118 0.569182 0.26161 33296.4 443.466 682.177 681.986 16.1444
2.94118 0.583876 0.262373 33378.6 443.268 682.241 682.119 12.8903
2.94118 0.59857 0.263068 33445.1 442.978 682.291 682.228 9.31008
2.94118 0.613264 0.263686 33494.9 442.598 682.332 682.309 5.50979
2.94118 0.627959 0.264321 33550.7 442.27 682.361 682.358 1.78464
