0.001 
0.001 
0.001 
0.001 
0.001 
0.001 
0.001 
0.001 
0.001 
0.001 
0.001 
0.001 
0.001 
0.001 
0.001 
0.001 
0.001 
0.001 
0.001 
0.001 
0.001 
0.001 
0.001 
0.001 
0.001 
0.001 
0.001 
0.001 
0.001 
0.001 
0.001 
0.001 
0.001 
0.001 
0.001 
0.001 
0.001 
0.001 
0.001 
0.001 
0.001 
0.001 
0.001 
0.001 
0.001 
0.001 
0.001 
0.001 
0.001 
0.001 
0.001 
0.001 
0.001 
0.00101693 
0.0010168 
0.00101701 
0.00101735 
0.00101776 
0.00101822 
0.0010187 
0.00101919 
0.00101966 
0.0010201 
0.00102052 
0.00102091 
0.00102127 
0.00102161 
0.00102193 
0.00102223 
0.00102253 
0.00102283 
0.00102313 
0.00102344 
0.00102376 
0.0010241 
0.00102446 
0.00102482 
0.00102521 
0.0010256 
0.00102598 
0.00102635 
0.00102667 
0.00102693 
0.0010271 
0.00102715 
0.00102704 
0.00102675 
0.00102625 
0.00102552 
0.00102456 
0.00102336 
0.00102193 
0.00102032 
0.00101857 
0.00101673 
0.00101486 
0.00101304 
0.00101133 
0.0010098 
0.00100849 
0.00100747 
0.00100678 
0.00100675 
0.001 
0.001 
0.001 
0.001 
0.001 
0.001 
0.001 
0.001 
0.001 
0.001 
0.001 
0.001 
0.001 
0.001 
0.001 
0.001 
0.001 
0.001 
0.001 
0.001 
0.001 
0.001 
0.001 
0.001 
0.001 
0.001 
0.001 
0.001 
0.001 
0.001 
0.001 
0.001 
0.001 
0.001 
0.00100337 
0.0014492 
0.0016503 
0.00173483 
0.00176891 
0.00178106 
0.00178496 
0.00178482 
0.00178126 
0.00177482 
0.00176614 
0.00175597 
0.00174508 
0.00173421 
0.00172393 
0.00171468 
0.00170673 
0.0017002 
0.00169514 
0.00169149 
0.00168914 
0.00168798 
0.00168787 
0.00168869 
0.00169031 
0.00169264 
0.00169557 
0.00169899 
0.00170282 
0.00170697 
0.00171133 
0.0017158 
0.0017203 
0.00172586 
0.00114366 
0.00095632 
0.000886197 
0.00085702 
0.000844096 
0.00083822 
0.000835584 
0.00083453 
0.000834375 
0.000834925 
0.000836261 
0.000838603 
0.000842219 
0.000847344 
0.000854114 
0.000862535 
0.000872477 
0.000883699 
0.000895893 
0.000908726 
0.000921871 
0.000935019 
0.000947881 
0.000960196 
0.00097172 
0.000982199 
0.000991425 
0.000999239 
0.00100557 
0.00101042 
0.00101383 
0.00101594 
0.00101691 
0.00101693 
0.001 
0.001 
0.001 
0.001 
0.001 
0.001 
0.001 
0.001 
0.001 
0.001 
0.001 
0.001 
0.001 
0.001 
0.001 
0.001 
0.001 
0.001 
0.001 
0.001 
0.001 
0.001 
0.001 
0.001 
0.001 
0.001 
0.001 
0.001 
0.001 
0.001 
0.001 
0.001 
0.001 
0.001 
0.001 
0.001 
0.001 
0.001 
0.001 
0.001 
0.001 
0.001 
0.001 
0.001 
0.001 
0.001 
0.001 
0.001 
0.001 
0.001 
0.001 
0.001 
0.001 
0.001 
0.001 
0.001 
0.001 
0.001 
0.001 
0.001 
0.001 
0.001 
0.001 
0.001 
0.00100001 
0.00100001 
0.00100002 
0.00100003 
0.00100008 
0.00100022 
0.00100057 
0.00100135 
0.00100295 
0.00100596 
0.00101113 
0.00101929 
0.00103113 
0.00104683 
0.00106586 
0.00108689 
0.00110802 
0.00112717 
0.00114253 
0.00115286 
0.00115761 
0.00115691 
0.00115137 
0.00114191 
0.00112964 
0.00111562 
0.00110086 
0.00108617 
0.00107219 
0.00105936 
0.00104795 
0.00103807 
0.00102972 
0.00102282 
0.00101725 
0.00101282 
0.00100938 
0.00100675 
0.001 
761.642 
761.642 
761.642 
761.642 
761.642 
761.642 
761.642 
761.642 
761.642 
761.642 
761.642 
761.642 
761.642 
761.642 
761.642 
761.642 
761.642 
761.642 
761.642 
761.642 
761.642 
761.642 
761.642 
761.642 
761.642 
761.642 
761.642 
761.642 
761.642 
761.642 
761.642 
761.642 
761.642 
761.642 
761.642 
761.642 
761.642 
761.642 
761.642 
761.642 
761.642 
761.642 
761.642 
761.642 
761.642 
761.642 
761.642 
761.642 
761.642 
761.642 
761.642 
761.642 
761.642 
768.866 
768.938 
769.067 
769.242 
769.452 
769.682 
769.918 
770.147 
770.362 
770.555 
770.724 
770.866 
770.981 
771.07 
771.135 
771.176 
771.195 
771.192 
771.167 
771.12 
771.051 
770.959 
770.842 
770.699 
770.528 
770.328 
770.097 
769.833 
769.536 
769.205 
768.841 
768.445 
768.018 
767.566 
767.092 
766.603 
766.105 
765.608 
765.119 
764.648 
764.202 
763.79 
763.418 
763.09 
762.809 
762.576 
762.391 
762.255 
762.169 
762.136 
761.642 
761.642 
761.642 
761.642 
761.642 
761.642 
761.642 
761.642 
761.642 
761.642 
761.642 
761.642 
761.642 
761.642 
761.642 
761.642 
761.642 
761.642 
761.642 
761.642 
761.642 
761.642 
761.642 
761.642 
761.642 
761.642 
761.642 
761.642 
761.642 
761.642 
761.642 
761.642 
761.642 
761.642 
758.616 
641.652 
634.927 
632.01 
630.752 
630.412 
630.716 
631.619 
633.185 
635.405 
638.209 
641.48 
645.085 
648.889 
652.777 
656.652 
660.444 
664.108 
667.614 
670.95 
674.114 
677.108 
679.939 
682.612 
685.138 
687.522 
689.771 
691.889 
693.878 
695.743 
697.48 
699.091 
700.573 
701.197 
747.968 
770.629 
781.852 
788.198 
792.282 
795.171 
797.346 
799.028 
800.308 
801.195 
801.643 
801.578 
800.924 
799.634 
797.712 
795.234 
792.339 
789.214 
786.062 
783.069 
780.384 
778.097 
776.244 
774.809 
773.74 
772.966 
772.401 
771.96 
771.569 
771.166 
770.71 
770.177 
769.561 
768.866 
761.642 
761.642 
761.642 
761.642 
761.642 
761.642 
761.642 
761.642 
761.642 
761.642 
761.642 
761.642 
761.642 
761.642 
761.642 
761.642 
761.642 
761.642 
761.642 
761.642 
761.642 
761.642 
761.642 
761.642 
761.642 
761.642 
761.642 
761.642 
761.642 
761.642 
761.642 
761.642 
761.642 
761.642 
761.642 
761.642 
761.642 
761.642 
761.642 
761.642 
761.642 
761.642 
761.642 
761.642 
761.642 
761.642 
761.642 
761.642 
761.642 
761.642 
761.642 
761.642 
761.642 
761.642 
761.642 
761.642 
761.642 
761.642 
761.642 
761.642 
761.642 
761.642 
761.642 
761.642 
761.642 
761.642 
761.641 
761.641 
761.638 
761.63 
761.61 
761.566 
761.478 
761.318 
761.056 
760.666 
760.143 
759.521 
758.876 
758.314 
757.945 
757.85 
758.059 
758.548 
759.251 
760.08 
760.942 
761.755 
762.457 
763.008 
763.392 
763.614 
763.69 
763.649 
763.519 
763.332 
763.114 
762.887 
762.666 
762.464 
762.287 
762.136 
761.642 
0 
0 
0 
0 
0 
0 
0 
0 
0 
0 
0 
0 
0 
0 
0 
0 
0 
0 
0 
0 
0 
0 
0 
0 
0 
0 
0 
0 
0 
0 
0 
0 
0 
0 
0 
0 
0 
0 
0 
0 
0 
0 
0 
0 
0 
0 
0 
0 
0 
0 
0 
0 
0 
-0.0911866 
-0.0153607 
-0.00183816 
0.019515 
0.060304 
0.12299 
0.208286 
0.316062 
0.445577 
0.595475 
0.764083 
0.949664 
1.15058 
1.36538 
1.59287 
1.83213 
2.08248 
2.34347 
2.61484 
2.8964 
3.188 
3.4893 
3.79967 
4.11789 
4.44198 
4.76891 
5.09444 
5.41293 
5.7173 
5.99908 
6.24863 
6.45552 
6.60905 
6.69889 
6.7159 
6.65294 
6.50568 
6.27325 
5.95872 
5.56918 
5.11541 
4.61112 
4.07168 
3.51271 
2.94838 
2.39001 
1.84498 
1.31653 
0.809073 
0.411182 
0 
0 
0 
0 
0 
0 
0 
0 
0 
0 
0 
0 
0 
0 
0 
0 
0 
0 
0 
0 
0 
0 
0 
0 
0 
0 
0 
0 
0 
0 
0 
2.74455e-32 
6.29337e-15 
-2.62618e-06 
-0.078235 
230.191 
189.705 
176.235 
171.531 
169.998 
169.58 
169.657 
170.055 
170.688 
171.5 
172.441 
173.462 
174.525 
175.595 
176.645 
177.66 
178.627 
179.543 
180.404 
181.212 
181.968 
182.678 
183.342 
183.966 
184.551 
185.101 
185.619 
186.106 
186.562 
186.989 
187.387 
187.757 
187.829 
-80.2966 
-32.8594 
-13.8317 
-6.09633 
-2.78617 
-1.29713 
-0.604029 
-0.276657 
-0.124198 
-0.0590051 
-0.0401734 
-0.0483381 
-0.0736361 
-0.109714 
-0.150888 
-0.191231 
-0.224871 
-0.246908 
-0.254309 
-0.246368 
-0.224571 
-0.191998 
-0.152834 
-0.112903 
-0.0749976 
-0.0400563 
-0.00843111 
0.0194179 
0.0424759 
0.0605504 
0.0739654 
0.0832464 
0.0889002 
0.0911866 
0 
0 
0 
0 
0 
0 
0 
0 
0 
0 
0 
0 
0 
0 
0 
0 
0 
0 
0 
0 
0 
0 
0 
0 
0 
0 
0 
0 
0 
0 
0 
1.14817e-42 
-1.00298e-15 
-1.24121e-15 
-2.54412e-14 
-2.49732e-14 
-8.31786e-14 
-1.36364e-13 
-2.17978e-13 
-7.25584e-13 
8.65853e-13 
-1.83322e-11 
-5.33039e-11 
-1.94466e-10 
-6.46653e-10 
-1.97959e-09 
-5.61617e-09 
-1.48679e-08 
-3.69677e-08 
-8.68535e-08 
-1.93902e-07 
-4.13447e-07 
-8.46141e-07 
-1.66957e-06 
-3.18995e-06 
-5.92648e-06 
-1.07492e-05 
-1.91073e-05 
-3.34108e-05 
-5.76755e-05 
-9.86256e-05 
-0.0001676 
-0.00028388 
-0.000480574 
-0.000815128 
-0.00138834 
-0.0023792 
-0.00410977 
-0.0100337 
-0.0261755 
-0.0651333 
-0.149538 
-0.315834 
-0.615938 
-1.11269 
-1.8646 
-2.89955 
-4.18657 
-5.62365 
-7.05584 
-8.31854 
-9.28283 
-9.88077 
-10.1051 
-9.99248 
-9.60322 
-9.00466 
-8.26136 
-7.43044 
-6.56021 
-5.69021 
-4.85168 
-4.06812 
-3.35571 
-2.72397 
-2.17659 
-1.71246 
-1.32687 
-1.01266 
-0.761293 
-0.563755 
-0.411182 
0 
455.792 
455.792 
455.792 
455.792 
455.792 
455.792 
455.792 
455.792 
455.792 
455.792 
455.792 
455.792 
455.792 
455.792 
455.792 
455.792 
455.792 
455.792 
455.792 
455.792 
455.792 
455.792 
455.792 
455.792 
455.792 
455.792 
455.792 
455.792 
455.792 
455.792 
455.792 
455.792 
455.792 
455.792 
455.792 
455.792 
455.792 
455.792 
455.792 
455.792 
455.792 
455.792 
455.792 
455.792 
455.792 
455.792 
455.792 
455.792 
455.792 
455.792 
455.792 
455.792 
455.792 
471.442 
471.392 
471.555 
471.806 
472.11 
472.446 
472.795 
473.144 
473.479 
473.793 
474.081 
474.341 
474.575 
474.784 
474.97 
475.136 
475.286 
475.422 
475.545 
475.657 
475.76 
475.854 
475.938 
476.011 
476.068 
476.106 
476.117 
476.09 
476.016 
475.879 
475.667 
475.362 
474.952 
474.423 
473.766 
472.977 
472.058 
471.016 
469.87 
468.643 
467.365 
466.072 
464.803 
463.596 
462.488 
461.511 
460.694 
460.06 
459.639 
459.614 
455.792 
455.792 
455.792 
455.792 
455.792 
455.792 
455.792 
455.792 
455.792 
455.792 
455.792 
455.792 
455.792 
455.792 
455.792 
455.792 
455.792 
455.792 
455.792 
455.792 
455.792 
455.792 
455.792 
455.792 
455.792 
455.792 
455.792 
455.792 
455.792 
455.792 
455.792 
455.792 
455.792 
455.792 
455.357 
644.258 
730.578 
766.127 
779.741 
784.204 
785.531 
785.612 
784.812 
783.37 
781.512 
779.474 
777.488 
775.759 
774.448 
773.67 
773.486 
773.921 
774.965 
776.583 
778.729 
781.35 
784.391 
787.797 
791.518 
795.503 
799.705 
804.074 
808.558 
813.1 
817.643 
822.126 
826.487 
830.305 
555.011 
466.313 
433.64 
420.804 
415.82 
414.147 
413.902 
414.266 
414.894 
415.674 
416.615 
417.784 
419.268 
421.145 
423.465 
426.237 
429.431 
432.988 
436.832 
440.878 
445.045 
449.246 
453.392 
457.39 
461.141 
464.53 
467.451 
469.813 
471.563 
472.676 
473.163 
473.068 
472.463 
471.442 
455.792 
455.792 
455.792 
455.792 
455.792 
455.792 
455.792 
455.792 
455.792 
455.792 
455.792 
455.792 
455.792 
455.792 
455.792 
455.792 
455.792 
455.792 
455.792 
455.792 
455.792 
455.792 
455.792 
455.792 
455.792 
455.792 
455.792 
455.792 
455.792 
455.792 
455.792 
455.792 
455.792 
455.792 
455.792 
455.792 
455.792 
455.792 
455.792 
455.792 
455.792 
455.792 
455.792 
455.792 
455.792 
455.792 
455.792 
455.792 
455.792 
455.792 
455.792 
455.792 
455.792 
455.792 
455.792 
455.792 
455.792 
455.792 
455.792 
455.792 
455.792 
455.792 
455.793 
455.793 
455.795 
455.797 
455.8 
455.806 
455.83 
455.894 
456.054 
456.416 
457.16 
458.56 
460.981 
464.832 
470.463 
478.013 
487.288 
497.707 
508.383 
518.305 
526.542 
532.408 
535.541 
535.907 
533.743 
529.472 
523.618 
516.728 
509.316 
501.825 
494.605 
487.906 
481.889 
476.634 
472.159 
468.434 
465.398 
462.974 
461.075 
459.614 
455.792 
