Variables = " x points", "y points" 
ZONE T="Grid", I=100, J=50, F=POINT
0 0
0 0.02
0 0.04
0 0.06
0 0.08
0 0.1
0 0.12
0 0.14
0 0.16
0 0.18
0 0.2
0 0.22
0 0.24
0 0.26
0 0.28
0 0.3
0 0.32
0 0.34
0 0.36
0 0.38
0 0.4
0 0.42
0 0.44
0 0.46
0 0.48
0 0.5
0 0.52
0 0.54
0 0.56
0 0.58
0 0.6
0 0.62
0 0.64
0 0.66
0 0.68
0 0.7
0 0.72
0 0.74
0 0.76
0 0.78
0 0.8
0 0.82
0 0.84
0 0.86
0 0.88
0 0.9
0 0.92
0 0.94
0 0.96
0 0.98
0 1
0.03 0
0.03 0.02
0.03 0.04
0.03 0.06
0.03 0.08
0.03 0.1
0.03 0.12
0.03 0.14
0.03 0.16
0.03 0.18
0.03 0.2
0.03 0.22
0.03 0.24
0.03 0.26
0.03 0.28
0.03 0.3
0.03 0.32
0.03 0.34
0.03 0.36
0.03 0.38
0.03 0.4
0.03 0.42
0.03 0.44
0.03 0.46
0.03 0.48
0.03 0.5
0.03 0.52
0.03 0.54
0.03 0.56
0.03 0.58
0.03 0.6
0.03 0.62
0.03 0.64
0.03 0.66
0.03 0.68
0.03 0.7
0.03 0.72
0.03 0.74
0.03 0.76
0.03 0.78
0.03 0.8
0.03 0.82
0.03 0.84
0.03 0.86
0.03 0.88
0.03 0.9
0.03 0.92
0.03 0.94
0.03 0.96
0.03 0.98
0.03 1
0.06 0
0.06 0.02
0.06 0.04
0.06 0.06
0.06 0.08
0.06 0.1
0.06 0.12
0.06 0.14
0.06 0.16
0.06 0.18
0.06 0.2
0.06 0.22
0.06 0.24
0.06 0.26
0.06 0.28
0.06 0.3
0.06 0.32
0.06 0.34
0.06 0.36
0.06 0.38
0.06 0.4
0.06 0.42
0.06 0.44
0.06 0.46
0.06 0.48
0.06 0.5
0.06 0.52
0.06 0.54
0.06 0.56
0.06 0.58
0.06 0.6
0.06 0.62
0.06 0.64
0.06 0.66
0.06 0.68
0.06 0.7
0.06 0.72
0.06 0.74
0.06 0.76
0.06 0.78
0.06 0.8
0.06 0.82
0.06 0.84
0.06 0.86
0.06 0.88
0.06 0.9
0.06 0.92
0.06 0.94
0.06 0.96
0.06 0.98
0.06 1
0.09 0
0.09 0.02
0.09 0.04
0.09 0.06
0.09 0.08
0.09 0.1
0.09 0.12
0.09 0.14
0.09 0.16
0.09 0.18
0.09 0.2
0.09 0.22
0.09 0.24
0.09 0.26
0.09 0.28
0.09 0.3
0.09 0.32
0.09 0.34
0.09 0.36
0.09 0.38
0.09 0.4
0.09 0.42
0.09 0.44
0.09 0.46
0.09 0.48
0.09 0.5
0.09 0.52
0.09 0.54
0.09 0.56
0.09 0.58
0.09 0.6
0.09 0.62
0.09 0.64
0.09 0.66
0.09 0.68
0.09 0.7
0.09 0.72
0.09 0.74
0.09 0.76
0.09 0.78
0.09 0.8
0.09 0.82
0.09 0.84
0.09 0.86
0.09 0.88
0.09 0.9
0.09 0.92
0.09 0.94
0.09 0.96
0.09 0.98
0.09 1
0.12 0
0.12 0.02
0.12 0.04
0.12 0.06
0.12 0.08
0.12 0.1
0.12 0.12
0.12 0.14
0.12 0.16
0.12 0.18
0.12 0.2
0.12 0.22
0.12 0.24
0.12 0.26
0.12 0.28
0.12 0.3
0.12 0.32
0.12 0.34
0.12 0.36
0.12 0.38
0.12 0.4
0.12 0.42
0.12 0.44
0.12 0.46
0.12 0.48
0.12 0.5
0.12 0.52
0.12 0.54
0.12 0.56
0.12 0.58
0.12 0.6
0.12 0.62
0.12 0.64
0.12 0.66
0.12 0.68
0.12 0.7
0.12 0.72
0.12 0.74
0.12 0.76
0.12 0.78
0.12 0.8
0.12 0.82
0.12 0.84
0.12 0.86
0.12 0.88
0.12 0.9
0.12 0.92
0.12 0.94
0.12 0.96
0.12 0.98
0.12 1
0.15 0
0.15 0.02
0.15 0.04
0.15 0.06
0.15 0.08
0.15 0.1
0.15 0.12
0.15 0.14
0.15 0.16
0.15 0.18
0.15 0.2
0.15 0.22
0.15 0.24
0.15 0.26
0.15 0.28
0.15 0.3
0.15 0.32
0.15 0.34
0.15 0.36
0.15 0.38
0.15 0.4
0.15 0.42
0.15 0.44
0.15 0.46
0.15 0.48
0.15 0.5
0.15 0.52
0.15 0.54
0.15 0.56
0.15 0.58
0.15 0.6
0.15 0.62
0.15 0.64
0.15 0.66
0.15 0.68
0.15 0.7
0.15 0.72
0.15 0.74
0.15 0.76
0.15 0.78
0.15 0.8
0.15 0.82
0.15 0.84
0.15 0.86
0.15 0.88
0.15 0.9
0.15 0.92
0.15 0.94
0.15 0.96
0.15 0.98
0.15 1
0.18 0
0.18 0.02
0.18 0.04
0.18 0.06
0.18 0.08
0.18 0.1
0.18 0.12
0.18 0.14
0.18 0.16
0.18 0.18
0.18 0.2
0.18 0.22
0.18 0.24
0.18 0.26
0.18 0.28
0.18 0.3
0.18 0.32
0.18 0.34
0.18 0.36
0.18 0.38
0.18 0.4
0.18 0.42
0.18 0.44
0.18 0.46
0.18 0.48
0.18 0.5
0.18 0.52
0.18 0.54
0.18 0.56
0.18 0.58
0.18 0.6
0.18 0.62
0.18 0.64
0.18 0.66
0.18 0.68
0.18 0.7
0.18 0.72
0.18 0.74
0.18 0.76
0.18 0.78
0.18 0.8
0.18 0.82
0.18 0.84
0.18 0.86
0.18 0.88
0.18 0.9
0.18 0.92
0.18 0.94
0.18 0.96
0.18 0.98
0.18 1
0.21 0
0.21 0.02
0.21 0.04
0.21 0.06
0.21 0.08
0.21 0.1
0.21 0.12
0.21 0.14
0.21 0.16
0.21 0.18
0.21 0.2
0.21 0.22
0.21 0.24
0.21 0.26
0.21 0.28
0.21 0.3
0.21 0.32
0.21 0.34
0.21 0.36
0.21 0.38
0.21 0.4
0.21 0.42
0.21 0.44
0.21 0.46
0.21 0.48
0.21 0.5
0.21 0.52
0.21 0.54
0.21 0.56
0.21 0.58
0.21 0.6
0.21 0.62
0.21 0.64
0.21 0.66
0.21 0.68
0.21 0.7
0.21 0.72
0.21 0.74
0.21 0.76
0.21 0.78
0.21 0.8
0.21 0.82
0.21 0.84
0.21 0.86
0.21 0.88
0.21 0.9
0.21 0.92
0.21 0.94
0.21 0.96
0.21 0.98
0.21 1
0.24 0
0.24 0.02
0.24 0.04
0.24 0.06
0.24 0.08
0.24 0.1
0.24 0.12
0.24 0.14
0.24 0.16
0.24 0.18
0.24 0.2
0.24 0.22
0.24 0.24
0.24 0.26
0.24 0.28
0.24 0.3
0.24 0.32
0.24 0.34
0.24 0.36
0.24 0.38
0.24 0.4
0.24 0.42
0.24 0.44
0.24 0.46
0.24 0.48
0.24 0.5
0.24 0.52
0.24 0.54
0.24 0.56
0.24 0.58
0.24 0.6
0.24 0.62
0.24 0.64
0.24 0.66
0.24 0.68
0.24 0.7
0.24 0.72
0.24 0.74
0.24 0.76
0.24 0.78
0.24 0.8
0.24 0.82
0.24 0.84
0.24 0.86
0.24 0.88
0.24 0.9
0.24 0.92
0.24 0.94
0.24 0.96
0.24 0.98
0.24 1
0.27 0
0.27 0.02
0.27 0.04
0.27 0.06
0.27 0.08
0.27 0.1
0.27 0.12
0.27 0.14
0.27 0.16
0.27 0.18
0.27 0.2
0.27 0.22
0.27 0.24
0.27 0.26
0.27 0.28
0.27 0.3
0.27 0.32
0.27 0.34
0.27 0.36
0.27 0.38
0.27 0.4
0.27 0.42
0.27 0.44
0.27 0.46
0.27 0.48
0.27 0.5
0.27 0.52
0.27 0.54
0.27 0.56
0.27 0.58
0.27 0.6
0.27 0.62
0.27 0.64
0.27 0.66
0.27 0.68
0.27 0.7
0.27 0.72
0.27 0.74
0.27 0.76
0.27 0.78
0.27 0.8
0.27 0.82
0.27 0.84
0.27 0.86
0.27 0.88
0.27 0.9
0.27 0.92
0.27 0.94
0.27 0.96
0.27 0.98
0.27 1
0.3 0
0.3 0.02
0.3 0.04
0.3 0.06
0.3 0.08
0.3 0.1
0.3 0.12
0.3 0.14
0.3 0.16
0.3 0.18
0.3 0.2
0.3 0.22
0.3 0.24
0.3 0.26
0.3 0.28
0.3 0.3
0.3 0.32
0.3 0.34
0.3 0.36
0.3 0.38
0.3 0.4
0.3 0.42
0.3 0.44
0.3 0.46
0.3 0.48
0.3 0.5
0.3 0.52
0.3 0.54
0.3 0.56
0.3 0.58
0.3 0.6
0.3 0.62
0.3 0.64
0.3 0.66
0.3 0.68
0.3 0.7
0.3 0.72
0.3 0.74
0.3 0.76
0.3 0.78
0.3 0.8
0.3 0.82
0.3 0.84
0.3 0.86
0.3 0.88
0.3 0.9
0.3 0.92
0.3 0.94
0.3 0.96
0.3 0.98
0.3 1
0.33 0
0.33 0.02
0.33 0.04
0.33 0.06
0.33 0.08
0.33 0.1
0.33 0.12
0.33 0.14
0.33 0.16
0.33 0.18
0.33 0.2
0.33 0.22
0.33 0.24
0.33 0.26
0.33 0.28
0.33 0.3
0.33 0.32
0.33 0.34
0.33 0.36
0.33 0.38
0.33 0.4
0.33 0.42
0.33 0.44
0.33 0.46
0.33 0.48
0.33 0.5
0.33 0.52
0.33 0.54
0.33 0.56
0.33 0.58
0.33 0.6
0.33 0.62
0.33 0.64
0.33 0.66
0.33 0.68
0.33 0.7
0.33 0.72
0.33 0.74
0.33 0.76
0.33 0.78
0.33 0.8
0.33 0.82
0.33 0.84
0.33 0.86
0.33 0.88
0.33 0.9
0.33 0.92
0.33 0.94
0.33 0.96
0.33 0.98
0.33 1
0.36 0
0.36 0.02
0.36 0.04
0.36 0.06
0.36 0.08
0.36 0.1
0.36 0.12
0.36 0.14
0.36 0.16
0.36 0.18
0.36 0.2
0.36 0.22
0.36 0.24
0.36 0.26
0.36 0.28
0.36 0.3
0.36 0.32
0.36 0.34
0.36 0.36
0.36 0.38
0.36 0.4
0.36 0.42
0.36 0.44
0.36 0.46
0.36 0.48
0.36 0.5
0.36 0.52
0.36 0.54
0.36 0.56
0.36 0.58
0.36 0.6
0.36 0.62
0.36 0.64
0.36 0.66
0.36 0.68
0.36 0.7
0.36 0.72
0.36 0.74
0.36 0.76
0.36 0.78
0.36 0.8
0.36 0.82
0.36 0.84
0.36 0.86
0.36 0.88
0.36 0.9
0.36 0.92
0.36 0.94
0.36 0.96
0.36 0.98
0.36 1
0.39 0
0.39 0.02
0.39 0.04
0.39 0.06
0.39 0.08
0.39 0.1
0.39 0.12
0.39 0.14
0.39 0.16
0.39 0.18
0.39 0.2
0.39 0.22
0.39 0.24
0.39 0.26
0.39 0.28
0.39 0.3
0.39 0.32
0.39 0.34
0.39 0.36
0.39 0.38
0.39 0.4
0.39 0.42
0.39 0.44
0.39 0.46
0.39 0.48
0.39 0.5
0.39 0.52
0.39 0.54
0.39 0.56
0.39 0.58
0.39 0.6
0.39 0.62
0.39 0.64
0.39 0.66
0.39 0.68
0.39 0.7
0.39 0.72
0.39 0.74
0.39 0.76
0.39 0.78
0.39 0.8
0.39 0.82
0.39 0.84
0.39 0.86
0.39 0.88
0.39 0.9
0.39 0.92
0.39 0.94
0.39 0.96
0.39 0.98
0.39 1
0.42 0
0.42 0.02
0.42 0.04
0.42 0.06
0.42 0.08
0.42 0.1
0.42 0.12
0.42 0.14
0.42 0.16
0.42 0.18
0.42 0.2
0.42 0.22
0.42 0.24
0.42 0.26
0.42 0.28
0.42 0.3
0.42 0.32
0.42 0.34
0.42 0.36
0.42 0.38
0.42 0.4
0.42 0.42
0.42 0.44
0.42 0.46
0.42 0.48
0.42 0.5
0.42 0.52
0.42 0.54
0.42 0.56
0.42 0.58
0.42 0.6
0.42 0.62
0.42 0.64
0.42 0.66
0.42 0.68
0.42 0.7
0.42 0.72
0.42 0.74
0.42 0.76
0.42 0.78
0.42 0.8
0.42 0.82
0.42 0.84
0.42 0.86
0.42 0.88
0.42 0.9
0.42 0.92
0.42 0.94
0.42 0.96
0.42 0.98
0.42 1
0.45 0
0.45 0.02
0.45 0.04
0.45 0.06
0.45 0.08
0.45 0.1
0.45 0.12
0.45 0.14
0.45 0.16
0.45 0.18
0.45 0.2
0.45 0.22
0.45 0.24
0.45 0.26
0.45 0.28
0.45 0.3
0.45 0.32
0.45 0.34
0.45 0.36
0.45 0.38
0.45 0.4
0.45 0.42
0.45 0.44
0.45 0.46
0.45 0.48
0.45 0.5
0.45 0.52
0.45 0.54
0.45 0.56
0.45 0.58
0.45 0.6
0.45 0.62
0.45 0.64
0.45 0.66
0.45 0.68
0.45 0.7
0.45 0.72
0.45 0.74
0.45 0.76
0.45 0.78
0.45 0.8
0.45 0.82
0.45 0.84
0.45 0.86
0.45 0.88
0.45 0.9
0.45 0.92
0.45 0.94
0.45 0.96
0.45 0.98
0.45 1
0.48 0
0.48 0.02
0.48 0.04
0.48 0.06
0.48 0.08
0.48 0.1
0.48 0.12
0.48 0.14
0.48 0.16
0.48 0.18
0.48 0.2
0.48 0.22
0.48 0.24
0.48 0.26
0.48 0.28
0.48 0.3
0.48 0.32
0.48 0.34
0.48 0.36
0.48 0.38
0.48 0.4
0.48 0.42
0.48 0.44
0.48 0.46
0.48 0.48
0.48 0.5
0.48 0.52
0.48 0.54
0.48 0.56
0.48 0.58
0.48 0.6
0.48 0.62
0.48 0.64
0.48 0.66
0.48 0.68
0.48 0.7
0.48 0.72
0.48 0.74
0.48 0.76
0.48 0.78
0.48 0.8
0.48 0.82
0.48 0.84
0.48 0.86
0.48 0.88
0.48 0.9
0.48 0.92
0.48 0.94
0.48 0.96
0.48 0.98
0.48 1
0.51 0
0.51 0.02
0.51 0.04
0.51 0.06
0.51 0.08
0.51 0.1
0.51 0.12
0.51 0.14
0.51 0.16
0.51 0.18
0.51 0.2
0.51 0.22
0.51 0.24
0.51 0.26
0.51 0.28
0.51 0.3
0.51 0.32
0.51 0.34
0.51 0.36
0.51 0.38
0.51 0.4
0.51 0.42
0.51 0.44
0.51 0.46
0.51 0.48
0.51 0.5
0.51 0.52
0.51 0.54
0.51 0.56
0.51 0.58
0.51 0.6
0.51 0.62
0.51 0.64
0.51 0.66
0.51 0.68
0.51 0.7
0.51 0.72
0.51 0.74
0.51 0.76
0.51 0.78
0.51 0.8
0.51 0.82
0.51 0.84
0.51 0.86
0.51 0.88
0.51 0.9
0.51 0.92
0.51 0.94
0.51 0.96
0.51 0.98
0.51 1
0.54 0
0.54 0.02
0.54 0.04
0.54 0.06
0.54 0.08
0.54 0.1
0.54 0.12
0.54 0.14
0.54 0.16
0.54 0.18
0.54 0.2
0.54 0.22
0.54 0.24
0.54 0.26
0.54 0.28
0.54 0.3
0.54 0.32
0.54 0.34
0.54 0.36
0.54 0.38
0.54 0.4
0.54 0.42
0.54 0.44
0.54 0.46
0.54 0.48
0.54 0.5
0.54 0.52
0.54 0.54
0.54 0.56
0.54 0.58
0.54 0.6
0.54 0.62
0.54 0.64
0.54 0.66
0.54 0.68
0.54 0.7
0.54 0.72
0.54 0.74
0.54 0.76
0.54 0.78
0.54 0.8
0.54 0.82
0.54 0.84
0.54 0.86
0.54 0.88
0.54 0.9
0.54 0.92
0.54 0.94
0.54 0.96
0.54 0.98
0.54 1
0.57 0
0.57 0.02
0.57 0.04
0.57 0.06
0.57 0.08
0.57 0.1
0.57 0.12
0.57 0.14
0.57 0.16
0.57 0.18
0.57 0.2
0.57 0.22
0.57 0.24
0.57 0.26
0.57 0.28
0.57 0.3
0.57 0.32
0.57 0.34
0.57 0.36
0.57 0.38
0.57 0.4
0.57 0.42
0.57 0.44
0.57 0.46
0.57 0.48
0.57 0.5
0.57 0.52
0.57 0.54
0.57 0.56
0.57 0.58
0.57 0.6
0.57 0.62
0.57 0.64
0.57 0.66
0.57 0.68
0.57 0.7
0.57 0.72
0.57 0.74
0.57 0.76
0.57 0.78
0.57 0.8
0.57 0.82
0.57 0.84
0.57 0.86
0.57 0.88
0.57 0.9
0.57 0.92
0.57 0.94
0.57 0.96
0.57 0.98
0.57 1
0.6 0
0.6 0.02
0.6 0.04
0.6 0.06
0.6 0.08
0.6 0.1
0.6 0.12
0.6 0.14
0.6 0.16
0.6 0.18
0.6 0.2
0.6 0.22
0.6 0.24
0.6 0.26
0.6 0.28
0.6 0.3
0.6 0.32
0.6 0.34
0.6 0.36
0.6 0.38
0.6 0.4
0.6 0.42
0.6 0.44
0.6 0.46
0.6 0.48
0.6 0.5
0.6 0.52
0.6 0.54
0.6 0.56
0.6 0.58
0.6 0.6
0.6 0.62
0.6 0.64
0.6 0.66
0.6 0.68
0.6 0.7
0.6 0.72
0.6 0.74
0.6 0.76
0.6 0.78
0.6 0.8
0.6 0.82
0.6 0.84
0.6 0.86
0.6 0.88
0.6 0.9
0.6 0.92
0.6 0.94
0.6 0.96
0.6 0.98
0.6 1
0.63 0
0.63 0.02
0.63 0.04
0.63 0.06
0.63 0.08
0.63 0.1
0.63 0.12
0.63 0.14
0.63 0.16
0.63 0.18
0.63 0.2
0.63 0.22
0.63 0.24
0.63 0.26
0.63 0.28
0.63 0.3
0.63 0.32
0.63 0.34
0.63 0.36
0.63 0.38
0.63 0.4
0.63 0.42
0.63 0.44
0.63 0.46
0.63 0.48
0.63 0.5
0.63 0.52
0.63 0.54
0.63 0.56
0.63 0.58
0.63 0.6
0.63 0.62
0.63 0.64
0.63 0.66
0.63 0.68
0.63 0.7
0.63 0.72
0.63 0.74
0.63 0.76
0.63 0.78
0.63 0.8
0.63 0.82
0.63 0.84
0.63 0.86
0.63 0.88
0.63 0.9
0.63 0.92
0.63 0.94
0.63 0.96
0.63 0.98
0.63 1
0.66 0
0.66 0.02
0.66 0.04
0.66 0.06
0.66 0.08
0.66 0.1
0.66 0.12
0.66 0.14
0.66 0.16
0.66 0.18
0.66 0.2
0.66 0.22
0.66 0.24
0.66 0.26
0.66 0.28
0.66 0.3
0.66 0.32
0.66 0.34
0.66 0.36
0.66 0.38
0.66 0.4
0.66 0.42
0.66 0.44
0.66 0.46
0.66 0.48
0.66 0.5
0.66 0.52
0.66 0.54
0.66 0.56
0.66 0.58
0.66 0.6
0.66 0.62
0.66 0.64
0.66 0.66
0.66 0.68
0.66 0.7
0.66 0.72
0.66 0.74
0.66 0.76
0.66 0.78
0.66 0.8
0.66 0.82
0.66 0.84
0.66 0.86
0.66 0.88
0.66 0.9
0.66 0.92
0.66 0.94
0.66 0.96
0.66 0.98
0.66 1
0.69 0
0.69 0.02
0.69 0.04
0.69 0.06
0.69 0.08
0.69 0.1
0.69 0.12
0.69 0.14
0.69 0.16
0.69 0.18
0.69 0.2
0.69 0.22
0.69 0.24
0.69 0.26
0.69 0.28
0.69 0.3
0.69 0.32
0.69 0.34
0.69 0.36
0.69 0.38
0.69 0.4
0.69 0.42
0.69 0.44
0.69 0.46
0.69 0.48
0.69 0.5
0.69 0.52
0.69 0.54
0.69 0.56
0.69 0.58
0.69 0.6
0.69 0.62
0.69 0.64
0.69 0.66
0.69 0.68
0.69 0.7
0.69 0.72
0.69 0.74
0.69 0.76
0.69 0.78
0.69 0.8
0.69 0.82
0.69 0.84
0.69 0.86
0.69 0.88
0.69 0.9
0.69 0.92
0.69 0.94
0.69 0.96
0.69 0.98
0.69 1
0.72 0
0.72 0.02
0.72 0.04
0.72 0.06
0.72 0.08
0.72 0.1
0.72 0.12
0.72 0.14
0.72 0.16
0.72 0.18
0.72 0.2
0.72 0.22
0.72 0.24
0.72 0.26
0.72 0.28
0.72 0.3
0.72 0.32
0.72 0.34
0.72 0.36
0.72 0.38
0.72 0.4
0.72 0.42
0.72 0.44
0.72 0.46
0.72 0.48
0.72 0.5
0.72 0.52
0.72 0.54
0.72 0.56
0.72 0.58
0.72 0.6
0.72 0.62
0.72 0.64
0.72 0.66
0.72 0.68
0.72 0.7
0.72 0.72
0.72 0.74
0.72 0.76
0.72 0.78
0.72 0.8
0.72 0.82
0.72 0.84
0.72 0.86
0.72 0.88
0.72 0.9
0.72 0.92
0.72 0.94
0.72 0.96
0.72 0.98
0.72 1
0.75 0
0.75 0.02
0.75 0.04
0.75 0.06
0.75 0.08
0.75 0.1
0.75 0.12
0.75 0.14
0.75 0.16
0.75 0.18
0.75 0.2
0.75 0.22
0.75 0.24
0.75 0.26
0.75 0.28
0.75 0.3
0.75 0.32
0.75 0.34
0.75 0.36
0.75 0.38
0.75 0.4
0.75 0.42
0.75 0.44
0.75 0.46
0.75 0.48
0.75 0.5
0.75 0.52
0.75 0.54
0.75 0.56
0.75 0.58
0.75 0.6
0.75 0.62
0.75 0.64
0.75 0.66
0.75 0.68
0.75 0.7
0.75 0.72
0.75 0.74
0.75 0.76
0.75 0.78
0.75 0.8
0.75 0.82
0.75 0.84
0.75 0.86
0.75 0.88
0.75 0.9
0.75 0.92
0.75 0.94
0.75 0.96
0.75 0.98
0.75 1
0.78 0
0.78 0.02
0.78 0.04
0.78 0.06
0.78 0.08
0.78 0.1
0.78 0.12
0.78 0.14
0.78 0.16
0.78 0.18
0.78 0.2
0.78 0.22
0.78 0.24
0.78 0.26
0.78 0.28
0.78 0.3
0.78 0.32
0.78 0.34
0.78 0.36
0.78 0.38
0.78 0.4
0.78 0.42
0.78 0.44
0.78 0.46
0.78 0.48
0.78 0.5
0.78 0.52
0.78 0.54
0.78 0.56
0.78 0.58
0.78 0.6
0.78 0.62
0.78 0.64
0.78 0.66
0.78 0.68
0.78 0.7
0.78 0.72
0.78 0.74
0.78 0.76
0.78 0.78
0.78 0.8
0.78 0.82
0.78 0.84
0.78 0.86
0.78 0.88
0.78 0.9
0.78 0.92
0.78 0.94
0.78 0.96
0.78 0.98
0.78 1
0.81 0
0.81 0.02
0.81 0.04
0.81 0.06
0.81 0.08
0.81 0.1
0.81 0.12
0.81 0.14
0.81 0.16
0.81 0.18
0.81 0.2
0.81 0.22
0.81 0.24
0.81 0.26
0.81 0.28
0.81 0.3
0.81 0.32
0.81 0.34
0.81 0.36
0.81 0.38
0.81 0.4
0.81 0.42
0.81 0.44
0.81 0.46
0.81 0.48
0.81 0.5
0.81 0.52
0.81 0.54
0.81 0.56
0.81 0.58
0.81 0.6
0.81 0.62
0.81 0.64
0.81 0.66
0.81 0.68
0.81 0.7
0.81 0.72
0.81 0.74
0.81 0.76
0.81 0.78
0.81 0.8
0.81 0.82
0.81 0.84
0.81 0.86
0.81 0.88
0.81 0.9
0.81 0.92
0.81 0.94
0.81 0.96
0.81 0.98
0.81 1
0.84 0
0.84 0.02
0.84 0.04
0.84 0.06
0.84 0.08
0.84 0.1
0.84 0.12
0.84 0.14
0.84 0.16
0.84 0.18
0.84 0.2
0.84 0.22
0.84 0.24
0.84 0.26
0.84 0.28
0.84 0.3
0.84 0.32
0.84 0.34
0.84 0.36
0.84 0.38
0.84 0.4
0.84 0.42
0.84 0.44
0.84 0.46
0.84 0.48
0.84 0.5
0.84 0.52
0.84 0.54
0.84 0.56
0.84 0.58
0.84 0.6
0.84 0.62
0.84 0.64
0.84 0.66
0.84 0.68
0.84 0.7
0.84 0.72
0.84 0.74
0.84 0.76
0.84 0.78
0.84 0.8
0.84 0.82
0.84 0.84
0.84 0.86
0.84 0.88
0.84 0.9
0.84 0.92
0.84 0.94
0.84 0.96
0.84 0.98
0.84 1
0.87 0
0.87 0.02
0.87 0.04
0.87 0.06
0.87 0.08
0.87 0.1
0.87 0.12
0.87 0.14
0.87 0.16
0.87 0.18
0.87 0.2
0.87 0.22
0.87 0.24
0.87 0.26
0.87 0.28
0.87 0.3
0.87 0.32
0.87 0.34
0.87 0.36
0.87 0.38
0.87 0.4
0.87 0.42
0.87 0.44
0.87 0.46
0.87 0.48
0.87 0.5
0.87 0.52
0.87 0.54
0.87 0.56
0.87 0.58
0.87 0.6
0.87 0.62
0.87 0.64
0.87 0.66
0.87 0.68
0.87 0.7
0.87 0.72
0.87 0.74
0.87 0.76
0.87 0.78
0.87 0.8
0.87 0.82
0.87 0.84
0.87 0.86
0.87 0.88
0.87 0.9
0.87 0.92
0.87 0.94
0.87 0.96
0.87 0.98
0.87 1
0.9 0
0.9 0.02
0.9 0.04
0.9 0.06
0.9 0.08
0.9 0.1
0.9 0.12
0.9 0.14
0.9 0.16
0.9 0.18
0.9 0.2
0.9 0.22
0.9 0.24
0.9 0.26
0.9 0.28
0.9 0.3
0.9 0.32
0.9 0.34
0.9 0.36
0.9 0.38
0.9 0.4
0.9 0.42
0.9 0.44
0.9 0.46
0.9 0.48
0.9 0.5
0.9 0.52
0.9 0.54
0.9 0.56
0.9 0.58
0.9 0.6
0.9 0.62
0.9 0.64
0.9 0.66
0.9 0.68
0.9 0.7
0.9 0.72
0.9 0.74
0.9 0.76
0.9 0.78
0.9 0.8
0.9 0.82
0.9 0.84
0.9 0.86
0.9 0.88
0.9 0.9
0.9 0.92
0.9 0.94
0.9 0.96
0.9 0.98
0.9 1
0.93 0
0.93 0.02
0.93 0.04
0.93 0.06
0.93 0.08
0.93 0.1
0.93 0.12
0.93 0.14
0.93 0.16
0.93 0.18
0.93 0.2
0.93 0.22
0.93 0.24
0.93 0.26
0.93 0.28
0.93 0.3
0.93 0.32
0.93 0.34
0.93 0.36
0.93 0.38
0.93 0.4
0.93 0.42
0.93 0.44
0.93 0.46
0.93 0.48
0.93 0.5
0.93 0.52
0.93 0.54
0.93 0.56
0.93 0.58
0.93 0.6
0.93 0.62
0.93 0.64
0.93 0.66
0.93 0.68
0.93 0.7
0.93 0.72
0.93 0.74
0.93 0.76
0.93 0.78
0.93 0.8
0.93 0.82
0.93 0.84
0.93 0.86
0.93 0.88
0.93 0.9
0.93 0.92
0.93 0.94
0.93 0.96
0.93 0.98
0.93 1
0.96 0
0.96 0.02
0.96 0.04
0.96 0.06
0.96 0.08
0.96 0.1
0.96 0.12
0.96 0.14
0.96 0.16
0.96 0.18
0.96 0.2
0.96 0.22
0.96 0.24
0.96 0.26
0.96 0.28
0.96 0.3
0.96 0.32
0.96 0.34
0.96 0.36
0.96 0.38
0.96 0.4
0.96 0.42
0.96 0.44
0.96 0.46
0.96 0.48
0.96 0.5
0.96 0.52
0.96 0.54
0.96 0.56
0.96 0.58
0.96 0.6
0.96 0.62
0.96 0.64
0.96 0.66
0.96 0.68
0.96 0.7
0.96 0.72
0.96 0.74
0.96 0.76
0.96 0.78
0.96 0.8
0.96 0.82
0.96 0.84
0.96 0.86
0.96 0.88
0.96 0.9
0.96 0.92
0.96 0.94
0.96 0.96
0.96 0.98
0.96 1
0.99 0
0.99 0.02
0.99 0.04
0.99 0.06
0.99 0.08
0.99 0.1
0.99 0.12
0.99 0.14
0.99 0.16
0.99 0.18
0.99 0.2
0.99 0.22
0.99 0.24
0.99 0.26
0.99 0.28
0.99 0.3
0.99 0.32
0.99 0.34
0.99 0.36
0.99 0.38
0.99 0.4
0.99 0.42
0.99 0.44
0.99 0.46
0.99 0.48
0.99 0.5
0.99 0.52
0.99 0.54
0.99 0.56
0.99 0.58
0.99 0.6
0.99 0.62
0.99 0.64
0.99 0.66
0.99 0.68
0.99 0.7
0.99 0.72
0.99 0.74
0.99 0.76
0.99 0.78
0.99 0.8
0.99 0.82
0.99 0.84
0.99 0.86
0.99 0.88
0.99 0.9
0.99 0.92
0.99 0.94
0.99 0.96
0.99 0.98
0.99 1
1.02 0.00803848
1.02 0.0278777
1.02 0.0477169
1.02 0.0675562
1.02 0.0873954
1.02 0.107235
1.02 0.127074
1.02 0.146913
1.02 0.166752
1.02 0.186592
1.02 0.206431
1.02 0.22627
1.02 0.246109
1.02 0.265948
1.02 0.285788
1.02 0.305627
1.02 0.325466
1.02 0.345305
1.02 0.365145
1.02 0.384984
1.02 0.404823
1.02 0.424662
1.02 0.444502
1.02 0.464341
1.02 0.48418
1.02 0.504019
1.02 0.523858
1.02 0.543698
1.02 0.563537
1.02 0.583376
1.02 0.603215
1.02 0.623055
1.02 0.642894
1.02 0.662733
1.02 0.682572
1.02 0.702412
1.02 0.722251
1.02 0.74209
1.02 0.761929
1.02 0.781768
1.02 0.801608
1.02 0.821447
1.02 0.841286
1.02 0.861125
1.02 0.880965
1.02 0.900804
1.02 0.920643
1.02 0.940482
1.02 0.960322
1.02 0.980161
1.02 1
1.05 0.016077
1.05 0.0357554
1.05 0.0554339
1.05 0.0751123
1.05 0.0947908
1.05 0.114469
1.05 0.134148
1.05 0.153826
1.05 0.173505
1.05 0.193183
1.05 0.212862
1.05 0.23254
1.05 0.252218
1.05 0.271897
1.05 0.291575
1.05 0.311254
1.05 0.330932
1.05 0.350611
1.05 0.370289
1.05 0.389968
1.05 0.409646
1.05 0.429325
1.05 0.449003
1.05 0.468682
1.05 0.48836
1.05 0.508038
1.05 0.527717
1.05 0.547395
1.05 0.567074
1.05 0.586752
1.05 0.606431
1.05 0.626109
1.05 0.645788
1.05 0.665466
1.05 0.685145
1.05 0.704823
1.05 0.724502
1.05 0.74418
1.05 0.763858
1.05 0.783537
1.05 0.803215
1.05 0.822894
1.05 0.842572
1.05 0.862251
1.05 0.881929
1.05 0.901608
1.05 0.921286
1.05 0.940965
1.05 0.960643
1.05 0.980322
1.05 1
1.08 0.0241154
1.08 0.0436331
1.08 0.0631508
1.08 0.0826685
1.08 0.102186
1.08 0.121704
1.08 0.141222
1.08 0.160739
1.08 0.180257
1.08 0.199775
1.08 0.219292
1.08 0.23881
1.08 0.258328
1.08 0.277845
1.08 0.297363
1.08 0.316881
1.08 0.336398
1.08 0.355916
1.08 0.375434
1.08 0.394952
1.08 0.414469
1.08 0.433987
1.08 0.453505
1.08 0.473022
1.08 0.49254
1.08 0.512058
1.08 0.531575
1.08 0.551093
1.08 0.570611
1.08 0.590128
1.08 0.609646
1.08 0.629164
1.08 0.648682
1.08 0.668199
1.08 0.687717
1.08 0.707235
1.08 0.726752
1.08 0.74627
1.08 0.765788
1.08 0.785305
1.08 0.804823
1.08 0.824341
1.08 0.843858
1.08 0.863376
1.08 0.882894
1.08 0.902412
1.08 0.921929
1.08 0.941447
1.08 0.960965
1.08 0.980482
1.08 1
1.11 0.0321539
1.11 0.0515108
1.11 0.0708677
1.11 0.0902247
1.11 0.109582
1.11 0.128939
1.11 0.148295
1.11 0.167652
1.11 0.187009
1.11 0.206366
1.11 0.225723
1.11 0.24508
1.11 0.264437
1.11 0.283794
1.11 0.303151
1.11 0.322508
1.11 0.341865
1.11 0.361222
1.11 0.380578
1.11 0.399935
1.11 0.419292
1.11 0.438649
1.11 0.458006
1.11 0.477363
1.11 0.49672
1.11 0.516077
1.11 0.535434
1.11 0.554791
1.11 0.574148
1.11 0.593505
1.11 0.612862
1.11 0.632218
1.11 0.651575
1.11 0.670932
1.11 0.690289
1.11 0.709646
1.11 0.729003
1.11 0.74836
1.11 0.767717
1.11 0.787074
1.11 0.806431
1.11 0.825788
1.11 0.845145
1.11 0.864502
1.11 0.883858
1.11 0.903215
1.11 0.922572
1.11 0.941929
1.11 0.961286
1.11 0.980643
1.11 1
1.14 0.0401924
1.14 0.0593885
1.14 0.0785847
1.14 0.0977808
1.14 0.116977
1.14 0.136173
1.14 0.155369
1.14 0.174565
1.14 0.193762
1.14 0.212958
1.14 0.232154
1.14 0.25135
1.14 0.270546
1.14 0.289742
1.14 0.308939
1.14 0.328135
1.14 0.347331
1.14 0.366527
1.14 0.385723
1.14 0.404919
1.14 0.424115
1.14 0.443312
1.14 0.462508
1.14 0.481704
1.14 0.5009
1.14 0.520096
1.14 0.539292
1.14 0.558488
1.14 0.577685
1.14 0.596881
1.14 0.616077
1.14 0.635273
1.14 0.654469
1.14 0.673665
1.14 0.692862
1.14 0.712058
1.14 0.731254
1.14 0.75045
1.14 0.769646
1.14 0.788842
1.14 0.808038
1.14 0.827235
1.14 0.846431
1.14 0.865627
1.14 0.884823
1.14 0.904019
1.14 0.923215
1.14 0.942412
1.14 0.961608
1.14 0.980804
1.14 1
1.17 0.0482309
1.17 0.0672662
1.17 0.0863016
1.17 0.105337
1.17 0.124372
1.17 0.143408
1.17 0.162443
1.17 0.181479
1.17 0.200514
1.17 0.219549
1.17 0.238585
1.17 0.25762
1.17 0.276655
1.17 0.295691
1.17 0.314726
1.17 0.333762
1.17 0.352797
1.17 0.371832
1.17 0.390868
1.17 0.409903
1.17 0.428939
1.17 0.447974
1.17 0.467009
1.17 0.486045
1.17 0.50508
1.17 0.524115
1.17 0.543151
1.17 0.562186
1.17 0.581222
1.17 0.600257
1.17 0.619292
1.17 0.638328
1.17 0.657363
1.17 0.676398
1.17 0.695434
1.17 0.714469
1.17 0.733505
1.17 0.75254
1.17 0.771575
1.17 0.790611
1.17 0.809646
1.17 0.828682
1.17 0.847717
1.17 0.866752
1.17 0.885788
1.17 0.904823
1.17 0.923858
1.17 0.942894
1.17 0.961929
1.17 0.980965
1.17 1
1.2 0.0562693
1.2 0.0751439
1.2 0.0940186
1.2 0.112893
1.2 0.131768
1.2 0.150642
1.2 0.169517
1.2 0.188392
1.2 0.207266
1.2 0.226141
1.2 0.245015
1.2 0.26389
1.2 0.282765
1.2 0.301639
1.2 0.320514
1.2 0.339389
1.2 0.358263
1.2 0.377138
1.2 0.396012
1.2 0.414887
1.2 0.433762
1.2 0.452636
1.2 0.471511
1.2 0.490385
1.2 0.50926
1.2 0.528135
1.2 0.547009
1.2 0.565884
1.2 0.584759
1.2 0.603633
1.2 0.622508
1.2 0.641382
1.2 0.660257
1.2 0.679132
1.2 0.698006
1.2 0.716881
1.2 0.735755
1.2 0.75463
1.2 0.773505
1.2 0.792379
1.2 0.811254
1.2 0.830128
1.2 0.849003
1.2 0.867878
1.2 0.886752
1.2 0.905627
1.2 0.924502
1.2 0.943376
1.2 0.962251
1.2 0.981125
1.2 1
1.23 0.0643078
1.23 0.0830217
1.23 0.101735
1.23 0.120449
1.23 0.139163
1.23 0.157877
1.23 0.176591
1.23 0.195305
1.23 0.214019
1.23 0.232732
1.23 0.251446
1.23 0.27016
1.23 0.288874
1.23 0.307588
1.23 0.326302
1.23 0.345015
1.23 0.363729
1.23 0.382443
1.23 0.401157
1.23 0.419871
1.23 0.438585
1.23 0.457299
1.23 0.476012
1.23 0.494726
1.23 0.51344
1.23 0.532154
1.23 0.550868
1.23 0.569582
1.23 0.588295
1.23 0.607009
1.23 0.625723
1.23 0.644437
1.23 0.663151
1.23 0.681865
1.23 0.700578
1.23 0.719292
1.23 0.738006
1.23 0.75672
1.23 0.775434
1.23 0.794148
1.23 0.812862
1.23 0.831575
1.23 0.850289
1.23 0.869003
1.23 0.887717
1.23 0.906431
1.23 0.925145
1.23 0.943858
1.23 0.962572
1.23 0.981286
1.23 1
1.26 0.0723463
1.26 0.0908994
1.26 0.109452
1.26 0.128006
1.26 0.146559
1.26 0.165112
1.26 0.183665
1.26 0.202218
1.26 0.220771
1.26 0.239324
1.26 0.257877
1.26 0.27643
1.26 0.294983
1.26 0.313536
1.26 0.332089
1.26 0.350642
1.26 0.369195
1.26 0.387749
1.26 0.406302
1.26 0.424855
1.26 0.443408
1.26 0.461961
1.26 0.480514
1.26 0.499067
1.26 0.51762
1.26 0.536173
1.26 0.554726
1.26 0.573279
1.26 0.591832
1.26 0.610385
1.26 0.628939
1.26 0.647492
1.26 0.666045
1.26 0.684598
1.26 0.703151
1.26 0.721704
1.26 0.740257
1.26 0.75881
1.26 0.777363
1.26 0.795916
1.26 0.814469
1.26 0.833022
1.26 0.851575
1.26 0.870128
1.26 0.888682
1.26 0.907235
1.26 0.925788
1.26 0.944341
1.26 0.962894
1.26 0.981447
1.26 1
1.29 0.0803848
1.29 0.0987771
1.29 0.117169
1.29 0.135562
1.29 0.153954
1.29 0.172346
1.29 0.190739
1.29 0.209131
1.29 0.227523
1.29 0.245916
1.29 0.264308
1.29 0.2827
1.29 0.301092
1.29 0.319485
1.29 0.337877
1.29 0.356269
1.29 0.374662
1.29 0.393054
1.29 0.411446
1.29 0.429839
1.29 0.448231
1.29 0.466623
1.29 0.485015
1.29 0.503408
1.29 0.5218
1.29 0.540192
1.29 0.558585
1.29 0.576977
1.29 0.595369
1.29 0.613762
1.29 0.632154
1.29 0.650546
1.29 0.668939
1.29 0.687331
1.29 0.705723
1.29 0.724115
1.29 0.742508
1.29 0.7609
1.29 0.779292
1.29 0.797685
1.29 0.816077
1.29 0.834469
1.29 0.852862
1.29 0.871254
1.29 0.889646
1.29 0.908038
1.29 0.926431
1.29 0.944823
1.29 0.963215
1.29 0.981608
1.29 1
1.32 0.0884232
1.32 0.106655
1.32 0.124886
1.32 0.143118
1.32 0.161349
1.32 0.179581
1.32 0.197812
1.32 0.216044
1.32 0.234276
1.32 0.252507
1.32 0.270739
1.32 0.28897
1.32 0.307202
1.32 0.325433
1.32 0.343665
1.32 0.361896
1.32 0.380128
1.32 0.398359
1.32 0.416591
1.32 0.434822
1.32 0.453054
1.32 0.471285
1.32 0.489517
1.32 0.507749
1.32 0.52598
1.32 0.544212
1.32 0.562443
1.32 0.580675
1.32 0.598906
1.32 0.617138
1.32 0.635369
1.32 0.653601
1.32 0.671832
1.32 0.690064
1.32 0.708295
1.32 0.726527
1.32 0.744759
1.32 0.76299
1.32 0.781222
1.32 0.799453
1.32 0.817685
1.32 0.835916
1.32 0.854148
1.32 0.872379
1.32 0.890611
1.32 0.908842
1.32 0.927074
1.32 0.945305
1.32 0.963537
1.32 0.981768
1.32 1
1.35 0.0964617
1.35 0.114532
1.35 0.132603
1.35 0.150674
1.35 0.168745
1.35 0.186816
1.35 0.204886
1.35 0.222957
1.35 0.241028
1.35 0.259099
1.35 0.277169
1.35 0.29524
1.35 0.313311
1.35 0.331382
1.35 0.349452
1.35 0.367523
1.35 0.385594
1.35 0.403665
1.35 0.421735
1.35 0.439806
1.35 0.457877
1.35 0.475948
1.35 0.494019
1.35 0.512089
1.35 0.53016
1.35 0.548231
1.35 0.566302
1.35 0.584372
1.35 0.602443
1.35 0.620514
1.35 0.638585
1.35 0.656655
1.35 0.674726
1.35 0.692797
1.35 0.710868
1.35 0.728939
1.35 0.747009
1.35 0.76508
1.35 0.783151
1.35 0.801222
1.35 0.819292
1.35 0.837363
1.35 0.855434
1.35 0.873505
1.35 0.891575
1.35 0.909646
1.35 0.927717
1.35 0.945788
1.35 0.963858
1.35 0.981929
1.35 1
1.38 0.1045
1.38 0.12241
1.38 0.14032
1.38 0.15823
1.38 0.17614
1.38 0.19405
1.38 0.21196
1.38 0.22987
1.38 0.24778
1.38 0.26569
1.38 0.2836
1.38 0.30151
1.38 0.31942
1.38 0.33733
1.38 0.35524
1.38 0.37315
1.38 0.39106
1.38 0.40897
1.38 0.42688
1.38 0.44479
1.38 0.4627
1.38 0.48061
1.38 0.49852
1.38 0.51643
1.38 0.53434
1.38 0.55225
1.38 0.57016
1.38 0.58807
1.38 0.60598
1.38 0.62389
1.38 0.6418
1.38 0.65971
1.38 0.67762
1.38 0.69553
1.38 0.71344
1.38 0.73135
1.38 0.74926
1.38 0.76717
1.38 0.78508
1.38 0.80299
1.38 0.8209
1.38 0.83881
1.38 0.85672
1.38 0.87463
1.38 0.89254
1.38 0.91045
1.38 0.92836
1.38 0.94627
1.38 0.96418
1.38 0.98209
1.38 1
1.41 0.112539
1.41 0.130288
1.41 0.148037
1.41 0.165786
1.41 0.183536
1.41 0.201285
1.41 0.219034
1.41 0.236783
1.41 0.254532
1.41 0.272282
1.41 0.290031
1.41 0.30778
1.41 0.325529
1.41 0.343279
1.41 0.361028
1.41 0.378777
1.41 0.396526
1.41 0.414276
1.41 0.432025
1.41 0.449774
1.41 0.467523
1.41 0.485272
1.41 0.503022
1.41 0.520771
1.41 0.53852
1.41 0.556269
1.41 0.574019
1.41 0.591768
1.41 0.609517
1.41 0.627266
1.41 0.645015
1.41 0.662765
1.41 0.680514
1.41 0.698263
1.41 0.716012
1.41 0.733762
1.41 0.751511
1.41 0.76926
1.41 0.787009
1.41 0.804759
1.41 0.822508
1.41 0.840257
1.41 0.858006
1.41 0.875755
1.41 0.893505
1.41 0.911254
1.41 0.929003
1.41 0.946752
1.41 0.964502
1.41 0.982251
1.41 1
1.44 0.120577
1.44 0.138166
1.44 0.155754
1.44 0.173343
1.44 0.190931
1.44 0.208519
1.44 0.226108
1.44 0.243696
1.44 0.261285
1.44 0.278873
1.44 0.296462
1.44 0.31405
1.44 0.331639
1.44 0.349227
1.44 0.366816
1.44 0.384404
1.44 0.401992
1.44 0.419581
1.44 0.437169
1.44 0.454758
1.44 0.472346
1.44 0.489935
1.44 0.507523
1.44 0.525112
1.44 0.5427
1.44 0.560289
1.44 0.577877
1.44 0.595465
1.44 0.613054
1.44 0.630642
1.44 0.648231
1.44 0.665819
1.44 0.683408
1.44 0.700996
1.44 0.718585
1.44 0.736173
1.44 0.753762
1.44 0.77135
1.44 0.788939
1.44 0.806527
1.44 0.824115
1.44 0.841704
1.44 0.859292
1.44 0.876881
1.44 0.894469
1.44 0.912058
1.44 0.929646
1.44 0.947235
1.44 0.964823
1.44 0.982412
1.44 1
1.47 0.128616
1.47 0.146043
1.47 0.163471
1.47 0.180899
1.47 0.198326
1.47 0.215754
1.47 0.233182
1.47 0.250609
1.47 0.268037
1.47 0.285465
1.47 0.302892
1.47 0.32032
1.47 0.337748
1.47 0.355176
1.47 0.372603
1.47 0.390031
1.47 0.407459
1.47 0.424886
1.47 0.442314
1.47 0.459742
1.47 0.477169
1.47 0.494597
1.47 0.512025
1.47 0.529452
1.47 0.54688
1.47 0.564308
1.47 0.581735
1.47 0.599163
1.47 0.616591
1.47 0.634019
1.47 0.651446
1.47 0.668874
1.47 0.686302
1.47 0.703729
1.47 0.721157
1.47 0.738585
1.47 0.756012
1.47 0.77344
1.47 0.790868
1.47 0.808295
1.47 0.825723
1.47 0.843151
1.47 0.860578
1.47 0.878006
1.47 0.895434
1.47 0.912862
1.47 0.930289
1.47 0.947717
1.47 0.965145
1.47 0.982572
1.47 1
1.5 0.136654
1.5 0.153921
1.5 0.171188
1.5 0.188455
1.5 0.205722
1.5 0.222989
1.5 0.240256
1.5 0.257523
1.5 0.274789
1.5 0.292056
1.5 0.309323
1.5 0.32659
1.5 0.343857
1.5 0.361124
1.5 0.378391
1.5 0.395658
1.5 0.412925
1.5 0.430192
1.5 0.447459
1.5 0.464726
1.5 0.481992
1.5 0.499259
1.5 0.516526
1.5 0.533793
1.5 0.55106
1.5 0.568327
1.5 0.585594
1.5 0.602861
1.5 0.620128
1.5 0.637395
1.5 0.654662
1.5 0.671929
1.5 0.689195
1.5 0.706462
1.5 0.723729
1.5 0.740996
1.5 0.758263
1.5 0.77553
1.5 0.792797
1.5 0.810064
1.5 0.827331
1.5 0.844598
1.5 0.861865
1.5 0.879132
1.5 0.896398
1.5 0.913665
1.5 0.930932
1.5 0.948199
1.5 0.965466
1.5 0.982733
1.5 1
1.53 0.144693
1.53 0.161799
1.53 0.178905
1.53 0.196011
1.53 0.213117
1.53 0.230223
1.53 0.247329
1.53 0.264436
1.53 0.281542
1.53 0.298648
1.53 0.315754
1.53 0.33286
1.53 0.349966
1.53 0.367072
1.53 0.384179
1.53 0.401285
1.53 0.418391
1.53 0.435497
1.53 0.452603
1.53 0.469709
1.53 0.486816
1.53 0.503922
1.53 0.521028
1.53 0.538134
1.53 0.55524
1.53 0.572346
1.53 0.589452
1.53 0.606559
1.53 0.623665
1.53 0.640771
1.53 0.657877
1.53 0.674983
1.53 0.692089
1.53 0.709195
1.53 0.726302
1.53 0.743408
1.53 0.760514
1.53 0.77762
1.53 0.794726
1.53 0.811832
1.53 0.828939
1.53 0.846045
1.53 0.863151
1.53 0.880257
1.53 0.897363
1.53 0.914469
1.53 0.931575
1.53 0.948682
1.53 0.965788
1.53 0.982894
1.53 1
1.56 0.152731
1.56 0.169676
1.56 0.186622
1.56 0.203567
1.56 0.220513
1.56 0.237458
1.56 0.254403
1.56 0.271349
1.56 0.288294
1.56 0.305239
1.56 0.322185
1.56 0.33913
1.56 0.356076
1.56 0.373021
1.56 0.389966
1.56 0.406912
1.56 0.423857
1.56 0.440802
1.56 0.457748
1.56 0.474693
1.56 0.491639
1.56 0.508584
1.56 0.525529
1.56 0.542475
1.56 0.55942
1.56 0.576366
1.56 0.593311
1.56 0.610256
1.56 0.627202
1.56 0.644147
1.56 0.661092
1.56 0.678038
1.56 0.694983
1.56 0.711929
1.56 0.728874
1.56 0.745819
1.56 0.762765
1.56 0.77971
1.56 0.796655
1.56 0.813601
1.56 0.830546
1.56 0.847492
1.56 0.864437
1.56 0.881382
1.56 0.898328
1.56 0.915273
1.56 0.932218
1.56 0.949164
1.56 0.966109
1.56 0.983055
1.56 1
1.59 0.16077
1.59 0.177554
1.59 0.194339
1.59 0.211123
1.59 0.227908
1.59 0.244693
1.59 0.261477
1.59 0.278262
1.59 0.295046
1.59 0.311831
1.59 0.328616
1.59 0.3454
1.59 0.362185
1.59 0.378969
1.59 0.395754
1.59 0.412539
1.59 0.429323
1.59 0.446108
1.59 0.462892
1.59 0.479677
1.59 0.496462
1.59 0.513246
1.59 0.530031
1.59 0.546816
1.59 0.5636
1.59 0.580385
1.59 0.597169
1.59 0.613954
1.59 0.630739
1.59 0.647523
1.59 0.664308
1.59 0.681092
1.59 0.697877
1.59 0.714662
1.59 0.731446
1.59 0.748231
1.59 0.765015
1.59 0.7818
1.59 0.798585
1.59 0.815369
1.59 0.832154
1.59 0.848939
1.59 0.865723
1.59 0.882508
1.59 0.899292
1.59 0.916077
1.59 0.932862
1.59 0.949646
1.59 0.966431
1.59 0.983215
1.59 1
1.62 0.168808
1.62 0.185432
1.62 0.202056
1.62 0.21868
1.62 0.235303
1.62 0.251927
1.62 0.268551
1.62 0.285175
1.62 0.301799
1.62 0.318423
1.62 0.335046
1.62 0.35167
1.62 0.368294
1.62 0.384918
1.62 0.401542
1.62 0.418166
1.62 0.434789
1.62 0.451413
1.62 0.468037
1.62 0.484661
1.62 0.501285
1.62 0.517909
1.62 0.534532
1.62 0.551156
1.62 0.56778
1.62 0.584404
1.62 0.601028
1.62 0.617652
1.62 0.634276
1.62 0.650899
1.62 0.667523
1.62 0.684147
1.62 0.700771
1.62 0.717395
1.62 0.734019
1.62 0.750642
1.62 0.767266
1.62 0.78389
1.62 0.800514
1.62 0.817138
1.62 0.833762
1.62 0.850385
1.62 0.867009
1.62 0.883633
1.62 0.900257
1.62 0.916881
1.62 0.933505
1.62 0.950128
1.62 0.966752
1.62 0.983376
1.62 1
1.65 0.176846
1.65 0.19331
1.65 0.209773
1.65 0.226236
1.65 0.242699
1.65 0.259162
1.65 0.275625
1.65 0.292088
1.65 0.308551
1.65 0.325014
1.65 0.341477
1.65 0.35794
1.65 0.374403
1.65 0.390866
1.65 0.407329
1.65 0.423793
1.65 0.440256
1.65 0.456719
1.65 0.473182
1.65 0.489645
1.65 0.506108
1.65 0.522571
1.65 0.539034
1.65 0.555497
1.65 0.57196
1.65 0.588423
1.65 0.604886
1.65 0.621349
1.65 0.637812
1.65 0.654276
1.65 0.670739
1.65 0.687202
1.65 0.703665
1.65 0.720128
1.65 0.736591
1.65 0.753054
1.65 0.769517
1.65 0.78598
1.65 0.802443
1.65 0.818906
1.65 0.835369
1.65 0.851832
1.65 0.868295
1.65 0.884759
1.65 0.901222
1.65 0.917685
1.65 0.934148
1.65 0.950611
1.65 0.967074
1.65 0.983537
1.65 1
1.68 0.184885
1.68 0.201187
1.68 0.21749
1.68 0.233792
1.68 0.250094
1.68 0.266396
1.68 0.282699
1.68 0.299001
1.68 0.315303
1.68 0.331606
1.68 0.347908
1.68 0.36421
1.68 0.380513
1.68 0.396815
1.68 0.413117
1.68 0.429419
1.68 0.445722
1.68 0.462024
1.68 0.478326
1.68 0.494629
1.68 0.510931
1.68 0.527233
1.68 0.543536
1.68 0.559838
1.68 0.57614
1.68 0.592442
1.68 0.608745
1.68 0.625047
1.68 0.641349
1.68 0.657652
1.68 0.673954
1.68 0.690256
1.68 0.706559
1.68 0.722861
1.68 0.739163
1.68 0.755465
1.68 0.771768
1.68 0.78807
1.68 0.804372
1.68 0.820675
1.68 0.836977
1.68 0.853279
1.68 0.869582
1.68 0.885884
1.68 0.902186
1.68 0.918488
1.68 0.934791
1.68 0.951093
1.68 0.967395
1.68 0.983698
1.68 1
1.71 0.192923
1.71 0.209065
1.71 0.225206
1.71 0.241348
1.71 0.25749
1.71 0.273631
1.71 0.289773
1.71 0.305914
1.71 0.322056
1.71 0.338197
1.71 0.354339
1.71 0.37048
1.71 0.386622
1.71 0.402763
1.71 0.418905
1.71 0.435046
1.71 0.451188
1.71 0.467329
1.71 0.483471
1.71 0.499613
1.71 0.515754
1.71 0.531896
1.71 0.548037
1.71 0.564179
1.71 0.58032
1.71 0.596462
1.71 0.612603
1.71 0.628745
1.71 0.644886
1.71 0.661028
1.71 0.677169
1.71 0.693311
1.71 0.709452
1.71 0.725594
1.71 0.741735
1.71 0.757877
1.71 0.774019
1.71 0.79016
1.71 0.806302
1.71 0.822443
1.71 0.838585
1.71 0.854726
1.71 0.870868
1.71 0.887009
1.71 0.903151
1.71 0.919292
1.71 0.935434
1.71 0.951575
1.71 0.967717
1.71 0.983858
1.71 1
1.74 0.200962
1.74 0.216943
1.74 0.232923
1.74 0.248904
1.74 0.264885
1.74 0.280866
1.74 0.296846
1.74 0.312827
1.74 0.328808
1.74 0.344789
1.74 0.36077
1.74 0.37675
1.74 0.392731
1.74 0.408712
1.74 0.424693
1.74 0.440673
1.74 0.456654
1.74 0.472635
1.74 0.488616
1.74 0.504596
1.74 0.520577
1.74 0.536558
1.74 0.552539
1.74 0.568519
1.74 0.5845
1.74 0.600481
1.74 0.616462
1.74 0.632442
1.74 0.648423
1.74 0.664404
1.74 0.680385
1.74 0.696366
1.74 0.712346
1.74 0.728327
1.74 0.744308
1.74 0.760289
1.74 0.776269
1.74 0.79225
1.74 0.808231
1.74 0.824212
1.74 0.840192
1.74 0.856173
1.74 0.872154
1.74 0.888135
1.74 0.904115
1.74 0.920096
1.74 0.936077
1.74 0.952058
1.74 0.968038
1.74 0.984019
1.74 1
1.77 0.209
1.77 0.22482
1.77 0.24064
1.77 0.25646
1.77 0.27228
1.77 0.2881
1.77 0.30392
1.77 0.31974
1.77 0.33556
1.77 0.35138
1.77 0.3672
1.77 0.38302
1.77 0.39884
1.77 0.41466
1.77 0.43048
1.77 0.4463
1.77 0.46212
1.77 0.47794
1.77 0.49376
1.77 0.50958
1.77 0.5254
1.77 0.54122
1.77 0.55704
1.77 0.57286
1.77 0.58868
1.77 0.6045
1.77 0.62032
1.77 0.63614
1.77 0.65196
1.77 0.66778
1.77 0.6836
1.77 0.69942
1.77 0.71524
1.77 0.73106
1.77 0.74688
1.77 0.7627
1.77 0.77852
1.77 0.79434
1.77 0.81016
1.77 0.82598
1.77 0.8418
1.77 0.85762
1.77 0.87344
1.77 0.88926
1.77 0.90508
1.77 0.9209
1.77 0.93672
1.77 0.95254
1.77 0.96836
1.77 0.98418
1.77 1
1.8 0.217039
1.8 0.232698
1.8 0.248357
1.8 0.264017
1.8 0.279676
1.8 0.295335
1.8 0.310994
1.8 0.326653
1.8 0.342313
1.8 0.357972
1.8 0.373631
1.8 0.38929
1.8 0.40495
1.8 0.420609
1.8 0.436268
1.8 0.451927
1.8 0.467586
1.8 0.483246
1.8 0.498905
1.8 0.514564
1.8 0.530223
1.8 0.545883
1.8 0.561542
1.8 0.577201
1.8 0.59286
1.8 0.608519
1.8 0.624179
1.8 0.639838
1.8 0.655497
1.8 0.671156
1.8 0.686816
1.8 0.702475
1.8 0.718134
1.8 0.733793
1.8 0.749452
1.8 0.765112
1.8 0.780771
1.8 0.79643
1.8 0.812089
1.8 0.827749
1.8 0.843408
1.8 0.859067
1.8 0.874726
1.8 0.890385
1.8 0.906045
1.8 0.921704
1.8 0.937363
1.8 0.953022
1.8 0.968682
1.8 0.984341
1.8 1
1.83 0.225077
1.83 0.240576
1.83 0.256074
1.83 0.271573
1.83 0.287071
1.83 0.30257
1.83 0.318068
1.83 0.333566
1.83 0.349065
1.83 0.364563
1.83 0.380062
1.83 0.39556
1.83 0.411059
1.83 0.426557
1.83 0.442056
1.83 0.457554
1.83 0.473053
1.83 0.488551
1.83 0.504049
1.83 0.519548
1.83 0.535046
1.83 0.550545
1.83 0.566043
1.83 0.581542
1.83 0.59704
1.83 0.612539
1.83 0.628037
1.83 0.643536
1.83 0.659034
1.83 0.674532
1.83 0.690031
1.83 0.705529
1.83 0.721028
1.83 0.736526
1.83 0.752025
1.83 0.767523
1.83 0.783022
1.83 0.79852
1.83 0.814019
1.83 0.829517
1.83 0.845015
1.83 0.860514
1.83 0.876012
1.83 0.891511
1.83 0.907009
1.83 0.922508
1.83 0.938006
1.83 0.953505
1.83 0.969003
1.83 0.984502
1.83 1
1.86 0.233116
1.86 0.248453
1.86 0.263791
1.86 0.279129
1.86 0.294467
1.86 0.309804
1.86 0.325142
1.86 0.34048
1.86 0.355817
1.86 0.371155
1.86 0.386493
1.86 0.40183
1.86 0.417168
1.86 0.432506
1.86 0.447843
1.86 0.463181
1.86 0.478519
1.86 0.493856
1.86 0.509194
1.86 0.524532
1.86 0.539869
1.86 0.555207
1.86 0.570545
1.86 0.585883
1.86 0.60122
1.86 0.616558
1.86 0.631896
1.86 0.647233
1.86 0.662571
1.86 0.677909
1.86 0.693246
1.86 0.708584
1.86 0.723922
1.86 0.739259
1.86 0.754597
1.86 0.769935
1.86 0.785272
1.86 0.80061
1.86 0.815948
1.86 0.831285
1.86 0.846623
1.86 0.861961
1.86 0.877299
1.86 0.892636
1.86 0.907974
1.86 0.923312
1.86 0.938649
1.86 0.953987
1.86 0.969325
1.86 0.984662
1.86 1
1.89 0.241154
1.89 0.256331
1.89 0.271508
1.89 0.286685
1.89 0.301862
1.89 0.317039
1.89 0.332216
1.89 0.347393
1.89 0.36257
1.89 0.377747
1.89 0.392923
1.89 0.4081
1.89 0.423277
1.89 0.438454
1.89 0.453631
1.89 0.468808
1.89 0.483985
1.89 0.499162
1.89 0.514339
1.89 0.529516
1.89 0.544693
1.89 0.559869
1.89 0.575046
1.89 0.590223
1.89 0.6054
1.89 0.620577
1.89 0.635754
1.89 0.650931
1.89 0.666108
1.89 0.681285
1.89 0.696462
1.89 0.711639
1.89 0.726816
1.89 0.741992
1.89 0.757169
1.89 0.772346
1.89 0.787523
1.89 0.8027
1.89 0.817877
1.89 0.833054
1.89 0.848231
1.89 0.863408
1.89 0.878585
1.89 0.893762
1.89 0.908939
1.89 0.924115
1.89 0.939292
1.89 0.954469
1.89 0.969646
1.89 0.984823
1.89 1
1.92 0.249193
1.92 0.264209
1.92 0.279225
1.92 0.294241
1.92 0.309257
1.92 0.324273
1.92 0.33929
1.92 0.354306
1.92 0.369322
1.92 0.384338
1.92 0.399354
1.92 0.41437
1.92 0.429386
1.92 0.444403
1.92 0.459419
1.92 0.474435
1.92 0.489451
1.92 0.504467
1.92 0.519483
1.92 0.5345
1.92 0.549516
1.92 0.564532
1.92 0.579548
1.92 0.594564
1.92 0.60958
1.92 0.624596
1.92 0.639613
1.92 0.654629
1.92 0.669645
1.92 0.684661
1.92 0.699677
1.92 0.714693
1.92 0.729709
1.92 0.744726
1.92 0.759742
1.92 0.774758
1.92 0.789774
1.92 0.80479
1.92 0.819806
1.92 0.834822
1.92 0.849839
1.92 0.864855
1.92 0.879871
1.92 0.894887
1.92 0.909903
1.92 0.924919
1.92 0.939935
1.92 0.954952
1.92 0.969968
1.92 0.984984
1.92 1
1.95 0.257231
1.95 0.272087
1.95 0.286942
1.95 0.301797
1.95 0.316653
1.95 0.331508
1.95 0.346363
1.95 0.361219
1.95 0.376074
1.95 0.39093
1.95 0.405785
1.95 0.42064
1.95 0.435496
1.95 0.450351
1.95 0.465206
1.95 0.480062
1.95 0.494917
1.95 0.509773
1.95 0.524628
1.95 0.539483
1.95 0.554339
1.95 0.569194
1.95 0.584049
1.95 0.598905
1.95 0.61376
1.95 0.628616
1.95 0.643471
1.95 0.658326
1.95 0.673182
1.95 0.688037
1.95 0.702892
1.95 0.717748
1.95 0.732603
1.95 0.747459
1.95 0.762314
1.95 0.777169
1.95 0.792025
1.95 0.80688
1.95 0.821735
1.95 0.836591
1.95 0.851446
1.95 0.866302
1.95 0.881157
1.95 0.896012
1.95 0.910868
1.95 0.925723
1.95 0.940578
1.95 0.955434
1.95 0.970289
1.95 0.985145
1.95 1
1.98 0.26527
1.98 0.279964
1.98 0.294659
1.98 0.309354
1.98 0.324048
1.98 0.338743
1.98 0.353437
1.98 0.368132
1.98 0.382827
1.98 0.397521
1.98 0.412216
1.98 0.42691
1.98 0.441605
1.98 0.4563
1.98 0.470994
1.98 0.485689
1.98 0.500383
1.98 0.515078
1.98 0.529773
1.98 0.544467
1.98 0.559162
1.98 0.573856
1.98 0.588551
1.98 0.603246
1.98 0.61794
1.98 0.632635
1.98 0.647329
1.98 0.662024
1.98 0.676719
1.98 0.691413
1.98 0.706108
1.98 0.720802
1.98 0.735497
1.98 0.750192
1.98 0.764886
1.98 0.779581
1.98 0.794276
1.98 0.80897
1.98 0.823665
1.98 0.838359
1.98 0.853054
1.98 0.867749
1.98 0.882443
1.98 0.897138
1.98 0.911832
1.98 0.926527
1.98 0.941222
1.98 0.955916
1.98 0.970611
1.98 0.985305
1.98 1
2.01 0.26527
2.01 0.279964
2.01 0.294659
2.01 0.309354
2.01 0.324048
2.01 0.338743
2.01 0.353437
2.01 0.368132
2.01 0.382827
2.01 0.397521
2.01 0.412216
2.01 0.42691
2.01 0.441605
2.01 0.4563
2.01 0.470994
2.01 0.485689
2.01 0.500383
2.01 0.515078
2.01 0.529773
2.01 0.544467
2.01 0.559162
2.01 0.573856
2.01 0.588551
2.01 0.603246
2.01 0.61794
2.01 0.632635
2.01 0.647329
2.01 0.662024
2.01 0.676719
2.01 0.691413
2.01 0.706108
2.01 0.720802
2.01 0.735497
2.01 0.750192
2.01 0.764886
2.01 0.779581
2.01 0.794276
2.01 0.80897
2.01 0.823665
2.01 0.838359
2.01 0.853054
2.01 0.867749
2.01 0.882443
2.01 0.897138
2.01 0.911832
2.01 0.926527
2.01 0.941222
2.01 0.955916
2.01 0.970611
2.01 0.985305
2.01 1
2.04 0.26527
2.04 0.279964
2.04 0.294659
2.04 0.309354
2.04 0.324048
2.04 0.338743
2.04 0.353437
2.04 0.368132
2.04 0.382827
2.04 0.397521
2.04 0.412216
2.04 0.42691
2.04 0.441605
2.04 0.4563
2.04 0.470994
2.04 0.485689
2.04 0.500383
2.04 0.515078
2.04 0.529773
2.04 0.544467
2.04 0.559162
2.04 0.573856
2.04 0.588551
2.04 0.603246
2.04 0.61794
2.04 0.632635
2.04 0.647329
2.04 0.662024
2.04 0.676719
2.04 0.691413
2.04 0.706108
2.04 0.720802
2.04 0.735497
2.04 0.750192
2.04 0.764886
2.04 0.779581
2.04 0.794276
2.04 0.80897
2.04 0.823665
2.04 0.838359
2.04 0.853054
2.04 0.867749
2.04 0.882443
2.04 0.897138
2.04 0.911832
2.04 0.926527
2.04 0.941222
2.04 0.955916
2.04 0.970611
2.04 0.985305
2.04 1
2.07 0.26527
2.07 0.279964
2.07 0.294659
2.07 0.309354
2.07 0.324048
2.07 0.338743
2.07 0.353437
2.07 0.368132
2.07 0.382827
2.07 0.397521
2.07 0.412216
2.07 0.42691
2.07 0.441605
2.07 0.4563
2.07 0.470994
2.07 0.485689
2.07 0.500383
2.07 0.515078
2.07 0.529773
2.07 0.544467
2.07 0.559162
2.07 0.573856
2.07 0.588551
2.07 0.603246
2.07 0.61794
2.07 0.632635
2.07 0.647329
2.07 0.662024
2.07 0.676719
2.07 0.691413
2.07 0.706108
2.07 0.720802
2.07 0.735497
2.07 0.750192
2.07 0.764886
2.07 0.779581
2.07 0.794276
2.07 0.80897
2.07 0.823665
2.07 0.838359
2.07 0.853054
2.07 0.867749
2.07 0.882443
2.07 0.897138
2.07 0.911832
2.07 0.926527
2.07 0.941222
2.07 0.955916
2.07 0.970611
2.07 0.985305
2.07 1
2.1 0.26527
2.1 0.279964
2.1 0.294659
2.1 0.309354
2.1 0.324048
2.1 0.338743
2.1 0.353437
2.1 0.368132
2.1 0.382827
2.1 0.397521
2.1 0.412216
2.1 0.42691
2.1 0.441605
2.1 0.4563
2.1 0.470994
2.1 0.485689
2.1 0.500383
2.1 0.515078
2.1 0.529773
2.1 0.544467
2.1 0.559162
2.1 0.573856
2.1 0.588551
2.1 0.603246
2.1 0.61794
2.1 0.632635
2.1 0.647329
2.1 0.662024
2.1 0.676719
2.1 0.691413
2.1 0.706108
2.1 0.720802
2.1 0.735497
2.1 0.750192
2.1 0.764886
2.1 0.779581
2.1 0.794276
2.1 0.80897
2.1 0.823665
2.1 0.838359
2.1 0.853054
2.1 0.867749
2.1 0.882443
2.1 0.897138
2.1 0.911832
2.1 0.926527
2.1 0.941222
2.1 0.955916
2.1 0.970611
2.1 0.985305
2.1 1
2.13 0.26527
2.13 0.279964
2.13 0.294659
2.13 0.309354
2.13 0.324048
2.13 0.338743
2.13 0.353437
2.13 0.368132
2.13 0.382827
2.13 0.397521
2.13 0.412216
2.13 0.42691
2.13 0.441605
2.13 0.4563
2.13 0.470994
2.13 0.485689
2.13 0.500383
2.13 0.515078
2.13 0.529773
2.13 0.544467
2.13 0.559162
2.13 0.573856
2.13 0.588551
2.13 0.603246
2.13 0.61794
2.13 0.632635
2.13 0.647329
2.13 0.662024
2.13 0.676719
2.13 0.691413
2.13 0.706108
2.13 0.720802
2.13 0.735497
2.13 0.750192
2.13 0.764886
2.13 0.779581
2.13 0.794276
2.13 0.80897
2.13 0.823665
2.13 0.838359
2.13 0.853054
2.13 0.867749
2.13 0.882443
2.13 0.897138
2.13 0.911832
2.13 0.926527
2.13 0.941222
2.13 0.955916
2.13 0.970611
2.13 0.985305
2.13 1
2.16 0.26527
2.16 0.279964
2.16 0.294659
2.16 0.309354
2.16 0.324048
2.16 0.338743
2.16 0.353437
2.16 0.368132
2.16 0.382827
2.16 0.397521
2.16 0.412216
2.16 0.42691
2.16 0.441605
2.16 0.4563
2.16 0.470994
2.16 0.485689
2.16 0.500383
2.16 0.515078
2.16 0.529773
2.16 0.544467
2.16 0.559162
2.16 0.573856
2.16 0.588551
2.16 0.603246
2.16 0.61794
2.16 0.632635
2.16 0.647329
2.16 0.662024
2.16 0.676719
2.16 0.691413
2.16 0.706108
2.16 0.720802
2.16 0.735497
2.16 0.750192
2.16 0.764886
2.16 0.779581
2.16 0.794276
2.16 0.80897
2.16 0.823665
2.16 0.838359
2.16 0.853054
2.16 0.867749
2.16 0.882443
2.16 0.897138
2.16 0.911832
2.16 0.926527
2.16 0.941222
2.16 0.955916
2.16 0.970611
2.16 0.985305
2.16 1
2.19 0.26527
2.19 0.279964
2.19 0.294659
2.19 0.309354
2.19 0.324048
2.19 0.338743
2.19 0.353437
2.19 0.368132
2.19 0.382827
2.19 0.397521
2.19 0.412216
2.19 0.42691
2.19 0.441605
2.19 0.4563
2.19 0.470994
2.19 0.485689
2.19 0.500383
2.19 0.515078
2.19 0.529773
2.19 0.544467
2.19 0.559162
2.19 0.573856
2.19 0.588551
2.19 0.603246
2.19 0.61794
2.19 0.632635
2.19 0.647329
2.19 0.662024
2.19 0.676719
2.19 0.691413
2.19 0.706108
2.19 0.720802
2.19 0.735497
2.19 0.750192
2.19 0.764886
2.19 0.779581
2.19 0.794276
2.19 0.80897
2.19 0.823665
2.19 0.838359
2.19 0.853054
2.19 0.867749
2.19 0.882443
2.19 0.897138
2.19 0.911832
2.19 0.926527
2.19 0.941222
2.19 0.955916
2.19 0.970611
2.19 0.985305
2.19 1
2.22 0.26527
2.22 0.279964
2.22 0.294659
2.22 0.309354
2.22 0.324048
2.22 0.338743
2.22 0.353437
2.22 0.368132
2.22 0.382827
2.22 0.397521
2.22 0.412216
2.22 0.42691
2.22 0.441605
2.22 0.4563
2.22 0.470994
2.22 0.485689
2.22 0.500383
2.22 0.515078
2.22 0.529773
2.22 0.544467
2.22 0.559162
2.22 0.573856
2.22 0.588551
2.22 0.603246
2.22 0.61794
2.22 0.632635
2.22 0.647329
2.22 0.662024
2.22 0.676719
2.22 0.691413
2.22 0.706108
2.22 0.720802
2.22 0.735497
2.22 0.750192
2.22 0.764886
2.22 0.779581
2.22 0.794276
2.22 0.80897
2.22 0.823665
2.22 0.838359
2.22 0.853054
2.22 0.867749
2.22 0.882443
2.22 0.897138
2.22 0.911832
2.22 0.926527
2.22 0.941222
2.22 0.955916
2.22 0.970611
2.22 0.985305
2.22 1
2.25 0.26527
2.25 0.279964
2.25 0.294659
2.25 0.309354
2.25 0.324048
2.25 0.338743
2.25 0.353437
2.25 0.368132
2.25 0.382827
2.25 0.397521
2.25 0.412216
2.25 0.42691
2.25 0.441605
2.25 0.4563
2.25 0.470994
2.25 0.485689
2.25 0.500383
2.25 0.515078
2.25 0.529773
2.25 0.544467
2.25 0.559162
2.25 0.573856
2.25 0.588551
2.25 0.603246
2.25 0.61794
2.25 0.632635
2.25 0.647329
2.25 0.662024
2.25 0.676719
2.25 0.691413
2.25 0.706108
2.25 0.720802
2.25 0.735497
2.25 0.750192
2.25 0.764886
2.25 0.779581
2.25 0.794276
2.25 0.80897
2.25 0.823665
2.25 0.838359
2.25 0.853054
2.25 0.867749
2.25 0.882443
2.25 0.897138
2.25 0.911832
2.25 0.926527
2.25 0.941222
2.25 0.955916
2.25 0.970611
2.25 0.985305
2.25 1
2.28 0.26527
2.28 0.279964
2.28 0.294659
2.28 0.309354
2.28 0.324048
2.28 0.338743
2.28 0.353437
2.28 0.368132
2.28 0.382827
2.28 0.397521
2.28 0.412216
2.28 0.42691
2.28 0.441605
2.28 0.4563
2.28 0.470994
2.28 0.485689
2.28 0.500383
2.28 0.515078
2.28 0.529773
2.28 0.544467
2.28 0.559162
2.28 0.573856
2.28 0.588551
2.28 0.603246
2.28 0.61794
2.28 0.632635
2.28 0.647329
2.28 0.662024
2.28 0.676719
2.28 0.691413
2.28 0.706108
2.28 0.720802
2.28 0.735497
2.28 0.750192
2.28 0.764886
2.28 0.779581
2.28 0.794276
2.28 0.80897
2.28 0.823665
2.28 0.838359
2.28 0.853054
2.28 0.867749
2.28 0.882443
2.28 0.897138
2.28 0.911832
2.28 0.926527
2.28 0.941222
2.28 0.955916
2.28 0.970611
2.28 0.985305
2.28 1
2.31 0.26527
2.31 0.279964
2.31 0.294659
2.31 0.309354
2.31 0.324048
2.31 0.338743
2.31 0.353437
2.31 0.368132
2.31 0.382827
2.31 0.397521
2.31 0.412216
2.31 0.42691
2.31 0.441605
2.31 0.4563
2.31 0.470994
2.31 0.485689
2.31 0.500383
2.31 0.515078
2.31 0.529773
2.31 0.544467
2.31 0.559162
2.31 0.573856
2.31 0.588551
2.31 0.603246
2.31 0.61794
2.31 0.632635
2.31 0.647329
2.31 0.662024
2.31 0.676719
2.31 0.691413
2.31 0.706108
2.31 0.720802
2.31 0.735497
2.31 0.750192
2.31 0.764886
2.31 0.779581
2.31 0.794276
2.31 0.80897
2.31 0.823665
2.31 0.838359
2.31 0.853054
2.31 0.867749
2.31 0.882443
2.31 0.897138
2.31 0.911832
2.31 0.926527
2.31 0.941222
2.31 0.955916
2.31 0.970611
2.31 0.985305
2.31 1
2.34 0.26527
2.34 0.279964
2.34 0.294659
2.34 0.309354
2.34 0.324048
2.34 0.338743
2.34 0.353437
2.34 0.368132
2.34 0.382827
2.34 0.397521
2.34 0.412216
2.34 0.42691
2.34 0.441605
2.34 0.4563
2.34 0.470994
2.34 0.485689
2.34 0.500383
2.34 0.515078
2.34 0.529773
2.34 0.544467
2.34 0.559162
2.34 0.573856
2.34 0.588551
2.34 0.603246
2.34 0.61794
2.34 0.632635
2.34 0.647329
2.34 0.662024
2.34 0.676719
2.34 0.691413
2.34 0.706108
2.34 0.720802
2.34 0.735497
2.34 0.750192
2.34 0.764886
2.34 0.779581
2.34 0.794276
2.34 0.80897
2.34 0.823665
2.34 0.838359
2.34 0.853054
2.34 0.867749
2.34 0.882443
2.34 0.897138
2.34 0.911832
2.34 0.926527
2.34 0.941222
2.34 0.955916
2.34 0.970611
2.34 0.985305
2.34 1
2.37 0.26527
2.37 0.279964
2.37 0.294659
2.37 0.309354
2.37 0.324048
2.37 0.338743
2.37 0.353437
2.37 0.368132
2.37 0.382827
2.37 0.397521
2.37 0.412216
2.37 0.42691
2.37 0.441605
2.37 0.4563
2.37 0.470994
2.37 0.485689
2.37 0.500383
2.37 0.515078
2.37 0.529773
2.37 0.544467
2.37 0.559162
2.37 0.573856
2.37 0.588551
2.37 0.603246
2.37 0.61794
2.37 0.632635
2.37 0.647329
2.37 0.662024
2.37 0.676719
2.37 0.691413
2.37 0.706108
2.37 0.720802
2.37 0.735497
2.37 0.750192
2.37 0.764886
2.37 0.779581
2.37 0.794276
2.37 0.80897
2.37 0.823665
2.37 0.838359
2.37 0.853054
2.37 0.867749
2.37 0.882443
2.37 0.897138
2.37 0.911832
2.37 0.926527
2.37 0.941222
2.37 0.955916
2.37 0.970611
2.37 0.985305
2.37 1
2.4 0.26527
2.4 0.279964
2.4 0.294659
2.4 0.309354
2.4 0.324048
2.4 0.338743
2.4 0.353437
2.4 0.368132
2.4 0.382827
2.4 0.397521
2.4 0.412216
2.4 0.42691
2.4 0.441605
2.4 0.4563
2.4 0.470994
2.4 0.485689
2.4 0.500383
2.4 0.515078
2.4 0.529773
2.4 0.544467
2.4 0.559162
2.4 0.573856
2.4 0.588551
2.4 0.603246
2.4 0.61794
2.4 0.632635
2.4 0.647329
2.4 0.662024
2.4 0.676719
2.4 0.691413
2.4 0.706108
2.4 0.720802
2.4 0.735497
2.4 0.750192
2.4 0.764886
2.4 0.779581
2.4 0.794276
2.4 0.80897
2.4 0.823665
2.4 0.838359
2.4 0.853054
2.4 0.867749
2.4 0.882443
2.4 0.897138
2.4 0.911832
2.4 0.926527
2.4 0.941222
2.4 0.955916
2.4 0.970611
2.4 0.985305
2.4 1
2.43 0.26527
2.43 0.279964
2.43 0.294659
2.43 0.309354
2.43 0.324048
2.43 0.338743
2.43 0.353437
2.43 0.368132
2.43 0.382827
2.43 0.397521
2.43 0.412216
2.43 0.42691
2.43 0.441605
2.43 0.4563
2.43 0.470994
2.43 0.485689
2.43 0.500383
2.43 0.515078
2.43 0.529773
2.43 0.544467
2.43 0.559162
2.43 0.573856
2.43 0.588551
2.43 0.603246
2.43 0.61794
2.43 0.632635
2.43 0.647329
2.43 0.662024
2.43 0.676719
2.43 0.691413
2.43 0.706108
2.43 0.720802
2.43 0.735497
2.43 0.750192
2.43 0.764886
2.43 0.779581
2.43 0.794276
2.43 0.80897
2.43 0.823665
2.43 0.838359
2.43 0.853054
2.43 0.867749
2.43 0.882443
2.43 0.897138
2.43 0.911832
2.43 0.926527
2.43 0.941222
2.43 0.955916
2.43 0.970611
2.43 0.985305
2.43 1
2.46 0.26527
2.46 0.279964
2.46 0.294659
2.46 0.309354
2.46 0.324048
2.46 0.338743
2.46 0.353437
2.46 0.368132
2.46 0.382827
2.46 0.397521
2.46 0.412216
2.46 0.42691
2.46 0.441605
2.46 0.4563
2.46 0.470994
2.46 0.485689
2.46 0.500383
2.46 0.515078
2.46 0.529773
2.46 0.544467
2.46 0.559162
2.46 0.573856
2.46 0.588551
2.46 0.603246
2.46 0.61794
2.46 0.632635
2.46 0.647329
2.46 0.662024
2.46 0.676719
2.46 0.691413
2.46 0.706108
2.46 0.720802
2.46 0.735497
2.46 0.750192
2.46 0.764886
2.46 0.779581
2.46 0.794276
2.46 0.80897
2.46 0.823665
2.46 0.838359
2.46 0.853054
2.46 0.867749
2.46 0.882443
2.46 0.897138
2.46 0.911832
2.46 0.926527
2.46 0.941222
2.46 0.955916
2.46 0.970611
2.46 0.985305
2.46 1
2.49 0.26527
2.49 0.279964
2.49 0.294659
2.49 0.309354
2.49 0.324048
2.49 0.338743
2.49 0.353437
2.49 0.368132
2.49 0.382827
2.49 0.397521
2.49 0.412216
2.49 0.42691
2.49 0.441605
2.49 0.4563
2.49 0.470994
2.49 0.485689
2.49 0.500383
2.49 0.515078
2.49 0.529773
2.49 0.544467
2.49 0.559162
2.49 0.573856
2.49 0.588551
2.49 0.603246
2.49 0.61794
2.49 0.632635
2.49 0.647329
2.49 0.662024
2.49 0.676719
2.49 0.691413
2.49 0.706108
2.49 0.720802
2.49 0.735497
2.49 0.750192
2.49 0.764886
2.49 0.779581
2.49 0.794276
2.49 0.80897
2.49 0.823665
2.49 0.838359
2.49 0.853054
2.49 0.867749
2.49 0.882443
2.49 0.897138
2.49 0.911832
2.49 0.926527
2.49 0.941222
2.49 0.955916
2.49 0.970611
2.49 0.985305
2.49 1
2.52 0.26527
2.52 0.279964
2.52 0.294659
2.52 0.309354
2.52 0.324048
2.52 0.338743
2.52 0.353437
2.52 0.368132
2.52 0.382827
2.52 0.397521
2.52 0.412216
2.52 0.42691
2.52 0.441605
2.52 0.4563
2.52 0.470994
2.52 0.485689
2.52 0.500383
2.52 0.515078
2.52 0.529773
2.52 0.544467
2.52 0.559162
2.52 0.573856
2.52 0.588551
2.52 0.603246
2.52 0.61794
2.52 0.632635
2.52 0.647329
2.52 0.662024
2.52 0.676719
2.52 0.691413
2.52 0.706108
2.52 0.720802
2.52 0.735497
2.52 0.750192
2.52 0.764886
2.52 0.779581
2.52 0.794276
2.52 0.80897
2.52 0.823665
2.52 0.838359
2.52 0.853054
2.52 0.867749
2.52 0.882443
2.52 0.897138
2.52 0.911832
2.52 0.926527
2.52 0.941222
2.52 0.955916
2.52 0.970611
2.52 0.985305
2.52 1
2.55 0.26527
2.55 0.279964
2.55 0.294659
2.55 0.309354
2.55 0.324048
2.55 0.338743
2.55 0.353437
2.55 0.368132
2.55 0.382827
2.55 0.397521
2.55 0.412216
2.55 0.42691
2.55 0.441605
2.55 0.4563
2.55 0.470994
2.55 0.485689
2.55 0.500383
2.55 0.515078
2.55 0.529773
2.55 0.544467
2.55 0.559162
2.55 0.573856
2.55 0.588551
2.55 0.603246
2.55 0.61794
2.55 0.632635
2.55 0.647329
2.55 0.662024
2.55 0.676719
2.55 0.691413
2.55 0.706108
2.55 0.720802
2.55 0.735497
2.55 0.750192
2.55 0.764886
2.55 0.779581
2.55 0.794276
2.55 0.80897
2.55 0.823665
2.55 0.838359
2.55 0.853054
2.55 0.867749
2.55 0.882443
2.55 0.897138
2.55 0.911832
2.55 0.926527
2.55 0.941222
2.55 0.955916
2.55 0.970611
2.55 0.985305
2.55 1
2.58 0.26527
2.58 0.279964
2.58 0.294659
2.58 0.309354
2.58 0.324048
2.58 0.338743
2.58 0.353437
2.58 0.368132
2.58 0.382827
2.58 0.397521
2.58 0.412216
2.58 0.42691
2.58 0.441605
2.58 0.4563
2.58 0.470994
2.58 0.485689
2.58 0.500383
2.58 0.515078
2.58 0.529773
2.58 0.544467
2.58 0.559162
2.58 0.573856
2.58 0.588551
2.58 0.603246
2.58 0.61794
2.58 0.632635
2.58 0.647329
2.58 0.662024
2.58 0.676719
2.58 0.691413
2.58 0.706108
2.58 0.720802
2.58 0.735497
2.58 0.750192
2.58 0.764886
2.58 0.779581
2.58 0.794276
2.58 0.80897
2.58 0.823665
2.58 0.838359
2.58 0.853054
2.58 0.867749
2.58 0.882443
2.58 0.897138
2.58 0.911832
2.58 0.926527
2.58 0.941222
2.58 0.955916
2.58 0.970611
2.58 0.985305
2.58 1
2.61 0.26527
2.61 0.279964
2.61 0.294659
2.61 0.309354
2.61 0.324048
2.61 0.338743
2.61 0.353437
2.61 0.368132
2.61 0.382827
2.61 0.397521
2.61 0.412216
2.61 0.42691
2.61 0.441605
2.61 0.4563
2.61 0.470994
2.61 0.485689
2.61 0.500383
2.61 0.515078
2.61 0.529773
2.61 0.544467
2.61 0.559162
2.61 0.573856
2.61 0.588551
2.61 0.603246
2.61 0.61794
2.61 0.632635
2.61 0.647329
2.61 0.662024
2.61 0.676719
2.61 0.691413
2.61 0.706108
2.61 0.720802
2.61 0.735497
2.61 0.750192
2.61 0.764886
2.61 0.779581
2.61 0.794276
2.61 0.80897
2.61 0.823665
2.61 0.838359
2.61 0.853054
2.61 0.867749
2.61 0.882443
2.61 0.897138
2.61 0.911832
2.61 0.926527
2.61 0.941222
2.61 0.955916
2.61 0.970611
2.61 0.985305
2.61 1
2.64 0.26527
2.64 0.279964
2.64 0.294659
2.64 0.309354
2.64 0.324048
2.64 0.338743
2.64 0.353437
2.64 0.368132
2.64 0.382827
2.64 0.397521
2.64 0.412216
2.64 0.42691
2.64 0.441605
2.64 0.4563
2.64 0.470994
2.64 0.485689
2.64 0.500383
2.64 0.515078
2.64 0.529773
2.64 0.544467
2.64 0.559162
2.64 0.573856
2.64 0.588551
2.64 0.603246
2.64 0.61794
2.64 0.632635
2.64 0.647329
2.64 0.662024
2.64 0.676719
2.64 0.691413
2.64 0.706108
2.64 0.720802
2.64 0.735497
2.64 0.750192
2.64 0.764886
2.64 0.779581
2.64 0.794276
2.64 0.80897
2.64 0.823665
2.64 0.838359
2.64 0.853054
2.64 0.867749
2.64 0.882443
2.64 0.897138
2.64 0.911832
2.64 0.926527
2.64 0.941222
2.64 0.955916
2.64 0.970611
2.64 0.985305
2.64 1
2.67 0.26527
2.67 0.279964
2.67 0.294659
2.67 0.309354
2.67 0.324048
2.67 0.338743
2.67 0.353437
2.67 0.368132
2.67 0.382827
2.67 0.397521
2.67 0.412216
2.67 0.42691
2.67 0.441605
2.67 0.4563
2.67 0.470994
2.67 0.485689
2.67 0.500383
2.67 0.515078
2.67 0.529773
2.67 0.544467
2.67 0.559162
2.67 0.573856
2.67 0.588551
2.67 0.603246
2.67 0.61794
2.67 0.632635
2.67 0.647329
2.67 0.662024
2.67 0.676719
2.67 0.691413
2.67 0.706108
2.67 0.720802
2.67 0.735497
2.67 0.750192
2.67 0.764886
2.67 0.779581
2.67 0.794276
2.67 0.80897
2.67 0.823665
2.67 0.838359
2.67 0.853054
2.67 0.867749
2.67 0.882443
2.67 0.897138
2.67 0.911832
2.67 0.926527
2.67 0.941222
2.67 0.955916
2.67 0.970611
2.67 0.985305
2.67 1
2.7 0.26527
2.7 0.279964
2.7 0.294659
2.7 0.309354
2.7 0.324048
2.7 0.338743
2.7 0.353437
2.7 0.368132
2.7 0.382827
2.7 0.397521
2.7 0.412216
2.7 0.42691
2.7 0.441605
2.7 0.4563
2.7 0.470994
2.7 0.485689
2.7 0.500383
2.7 0.515078
2.7 0.529773
2.7 0.544467
2.7 0.559162
2.7 0.573856
2.7 0.588551
2.7 0.603246
2.7 0.61794
2.7 0.632635
2.7 0.647329
2.7 0.662024
2.7 0.676719
2.7 0.691413
2.7 0.706108
2.7 0.720802
2.7 0.735497
2.7 0.750192
2.7 0.764886
2.7 0.779581
2.7 0.794276
2.7 0.80897
2.7 0.823665
2.7 0.838359
2.7 0.853054
2.7 0.867749
2.7 0.882443
2.7 0.897138
2.7 0.911832
2.7 0.926527
2.7 0.941222
2.7 0.955916
2.7 0.970611
2.7 0.985305
2.7 1
2.73 0.26527
2.73 0.279964
2.73 0.294659
2.73 0.309354
2.73 0.324048
2.73 0.338743
2.73 0.353437
2.73 0.368132
2.73 0.382827
2.73 0.397521
2.73 0.412216
2.73 0.42691
2.73 0.441605
2.73 0.4563
2.73 0.470994
2.73 0.485689
2.73 0.500383
2.73 0.515078
2.73 0.529773
2.73 0.544467
2.73 0.559162
2.73 0.573856
2.73 0.588551
2.73 0.603246
2.73 0.61794
2.73 0.632635
2.73 0.647329
2.73 0.662024
2.73 0.676719
2.73 0.691413
2.73 0.706108
2.73 0.720802
2.73 0.735497
2.73 0.750192
2.73 0.764886
2.73 0.779581
2.73 0.794276
2.73 0.80897
2.73 0.823665
2.73 0.838359
2.73 0.853054
2.73 0.867749
2.73 0.882443
2.73 0.897138
2.73 0.911832
2.73 0.926527
2.73 0.941222
2.73 0.955916
2.73 0.970611
2.73 0.985305
2.73 1
2.76 0.26527
2.76 0.279964
2.76 0.294659
2.76 0.309354
2.76 0.324048
2.76 0.338743
2.76 0.353437
2.76 0.368132
2.76 0.382827
2.76 0.397521
2.76 0.412216
2.76 0.42691
2.76 0.441605
2.76 0.4563
2.76 0.470994
2.76 0.485689
2.76 0.500383
2.76 0.515078
2.76 0.529773
2.76 0.544467
2.76 0.559162
2.76 0.573856
2.76 0.588551
2.76 0.603246
2.76 0.61794
2.76 0.632635
2.76 0.647329
2.76 0.662024
2.76 0.676719
2.76 0.691413
2.76 0.706108
2.76 0.720802
2.76 0.735497
2.76 0.750192
2.76 0.764886
2.76 0.779581
2.76 0.794276
2.76 0.80897
2.76 0.823665
2.76 0.838359
2.76 0.853054
2.76 0.867749
2.76 0.882443
2.76 0.897138
2.76 0.911832
2.76 0.926527
2.76 0.941222
2.76 0.955916
2.76 0.970611
2.76 0.985305
2.76 1
2.79 0.26527
2.79 0.279964
2.79 0.294659
2.79 0.309354
2.79 0.324048
2.79 0.338743
2.79 0.353437
2.79 0.368132
2.79 0.382827
2.79 0.397521
2.79 0.412216
2.79 0.42691
2.79 0.441605
2.79 0.4563
2.79 0.470994
2.79 0.485689
2.79 0.500383
2.79 0.515078
2.79 0.529773
2.79 0.544467
2.79 0.559162
2.79 0.573856
2.79 0.588551
2.79 0.603246
2.79 0.61794
2.79 0.632635
2.79 0.647329
2.79 0.662024
2.79 0.676719
2.79 0.691413
2.79 0.706108
2.79 0.720802
2.79 0.735497
2.79 0.750192
2.79 0.764886
2.79 0.779581
2.79 0.794276
2.79 0.80897
2.79 0.823665
2.79 0.838359
2.79 0.853054
2.79 0.867749
2.79 0.882443
2.79 0.897138
2.79 0.911832
2.79 0.926527
2.79 0.941222
2.79 0.955916
2.79 0.970611
2.79 0.985305
2.79 1
2.82 0.26527
2.82 0.279964
2.82 0.294659
2.82 0.309354
2.82 0.324048
2.82 0.338743
2.82 0.353437
2.82 0.368132
2.82 0.382827
2.82 0.397521
2.82 0.412216
2.82 0.42691
2.82 0.441605
2.82 0.4563
2.82 0.470994
2.82 0.485689
2.82 0.500383
2.82 0.515078
2.82 0.529773
2.82 0.544467
2.82 0.559162
2.82 0.573856
2.82 0.588551
2.82 0.603246
2.82 0.61794
2.82 0.632635
2.82 0.647329
2.82 0.662024
2.82 0.676719
2.82 0.691413
2.82 0.706108
2.82 0.720802
2.82 0.735497
2.82 0.750192
2.82 0.764886
2.82 0.779581
2.82 0.794276
2.82 0.80897
2.82 0.823665
2.82 0.838359
2.82 0.853054
2.82 0.867749
2.82 0.882443
2.82 0.897138
2.82 0.911832
2.82 0.926527
2.82 0.941222
2.82 0.955916
2.82 0.970611
2.82 0.985305
2.82 1
2.85 0.26527
2.85 0.279964
2.85 0.294659
2.85 0.309354
2.85 0.324048
2.85 0.338743
2.85 0.353437
2.85 0.368132
2.85 0.382827
2.85 0.397521
2.85 0.412216
2.85 0.42691
2.85 0.441605
2.85 0.4563
2.85 0.470994
2.85 0.485689
2.85 0.500383
2.85 0.515078
2.85 0.529773
2.85 0.544467
2.85 0.559162
2.85 0.573856
2.85 0.588551
2.85 0.603246
2.85 0.61794
2.85 0.632635
2.85 0.647329
2.85 0.662024
2.85 0.676719
2.85 0.691413
2.85 0.706108
2.85 0.720802
2.85 0.735497
2.85 0.750192
2.85 0.764886
2.85 0.779581
2.85 0.794276
2.85 0.80897
2.85 0.823665
2.85 0.838359
2.85 0.853054
2.85 0.867749
2.85 0.882443
2.85 0.897138
2.85 0.911832
2.85 0.926527
2.85 0.941222
2.85 0.955916
2.85 0.970611
2.85 0.985305
2.85 1
2.88 0.26527
2.88 0.279964
2.88 0.294659
2.88 0.309354
2.88 0.324048
2.88 0.338743
2.88 0.353437
2.88 0.368132
2.88 0.382827
2.88 0.397521
2.88 0.412216
2.88 0.42691
2.88 0.441605
2.88 0.4563
2.88 0.470994
2.88 0.485689
2.88 0.500383
2.88 0.515078
2.88 0.529773
2.88 0.544467
2.88 0.559162
2.88 0.573856
2.88 0.588551
2.88 0.603246
2.88 0.61794
2.88 0.632635
2.88 0.647329
2.88 0.662024
2.88 0.676719
2.88 0.691413
2.88 0.706108
2.88 0.720802
2.88 0.735497
2.88 0.750192
2.88 0.764886
2.88 0.779581
2.88 0.794276
2.88 0.80897
2.88 0.823665
2.88 0.838359
2.88 0.853054
2.88 0.867749
2.88 0.882443
2.88 0.897138
2.88 0.911832
2.88 0.926527
2.88 0.941222
2.88 0.955916
2.88 0.970611
2.88 0.985305
2.88 1
2.91 0.26527
2.91 0.279964
2.91 0.294659
2.91 0.309354
2.91 0.324048
2.91 0.338743
2.91 0.353437
2.91 0.368132
2.91 0.382827
2.91 0.397521
2.91 0.412216
2.91 0.42691
2.91 0.441605
2.91 0.4563
2.91 0.470994
2.91 0.485689
2.91 0.500383
2.91 0.515078
2.91 0.529773
2.91 0.544467
2.91 0.559162
2.91 0.573856
2.91 0.588551
2.91 0.603246
2.91 0.61794
2.91 0.632635
2.91 0.647329
2.91 0.662024
2.91 0.676719
2.91 0.691413
2.91 0.706108
2.91 0.720802
2.91 0.735497
2.91 0.750192
2.91 0.764886
2.91 0.779581
2.91 0.794276
2.91 0.80897
2.91 0.823665
2.91 0.838359
2.91 0.853054
2.91 0.867749
2.91 0.882443
2.91 0.897138
2.91 0.911832
2.91 0.926527
2.91 0.941222
2.91 0.955916
2.91 0.970611
2.91 0.985305
2.91 1
2.94 0.26527
2.94 0.279964
2.94 0.294659
2.94 0.309354
2.94 0.324048
2.94 0.338743
2.94 0.353437
2.94 0.368132
2.94 0.382827
2.94 0.397521
2.94 0.412216
2.94 0.42691
2.94 0.441605
2.94 0.4563
2.94 0.470994
2.94 0.485689
2.94 0.500383
2.94 0.515078
2.94 0.529773
2.94 0.544467
2.94 0.559162
2.94 0.573856
2.94 0.588551
2.94 0.603246
2.94 0.61794
2.94 0.632635
2.94 0.647329
2.94 0.662024
2.94 0.676719
2.94 0.691413
2.94 0.706108
2.94 0.720802
2.94 0.735497
2.94 0.750192
2.94 0.764886
2.94 0.779581
2.94 0.794276
2.94 0.80897
2.94 0.823665
2.94 0.838359
2.94 0.853054
2.94 0.867749
2.94 0.882443
2.94 0.897138
2.94 0.911832
2.94 0.926527
2.94 0.941222
2.94 0.955916
2.94 0.970611
2.94 0.985305
2.94 1
2.97 0.26527
2.97 0.279964
2.97 0.294659
2.97 0.309354
2.97 0.324048
2.97 0.338743
2.97 0.353437
2.97 0.368132
2.97 0.382827
2.97 0.397521
2.97 0.412216
2.97 0.42691
2.97 0.441605
2.97 0.4563
2.97 0.470994
2.97 0.485689
2.97 0.500383
2.97 0.515078
2.97 0.529773
2.97 0.544467
2.97 0.559162
2.97 0.573856
2.97 0.588551
2.97 0.603246
2.97 0.61794
2.97 0.632635
2.97 0.647329
2.97 0.662024
2.97 0.676719
2.97 0.691413
2.97 0.706108
2.97 0.720802
2.97 0.735497
2.97 0.750192
2.97 0.764886
2.97 0.779581
2.97 0.794276
2.97 0.80897
2.97 0.823665
2.97 0.838359
2.97 0.853054
2.97 0.867749
2.97 0.882443
2.97 0.897138
2.97 0.911832
2.97 0.926527
2.97 0.941222
2.97 0.955916
2.97 0.970611
2.97 0.985305
2.97 1
3 0.26527
3 0.279964
3 0.294659
3 0.309354
3 0.324048
3 0.338743
3 0.353437
3 0.368132
3 0.382827
3 0.397521
3 0.412216
3 0.42691
3 0.441605
3 0.4563
3 0.470994
3 0.485689
3 0.500383
3 0.515078
3 0.529773
3 0.544467
3 0.559162
3 0.573856
3 0.588551
3 0.603246
3 0.61794
3 0.632635
3 0.647329
3 0.662024
3 0.676719
3 0.691413
3 0.706108
3 0.720802
3 0.735497
3 0.750192
3 0.764886
3 0.779581
3 0.794276
3 0.80897
3 0.823665
3 0.838359
3 0.853054
3 0.867749
3 0.882443
3 0.897138
3 0.911832
3 0.926527
3 0.941222
3 0.955916
3 0.970611
3 0.985305
3 1
